20
190
0 1 8.45
0 2 12.33
0 3 5.67
0 4 14.21
0 5 9.88
0 6 3.45
0 7 11.67
0 8 7.23
0 9 13.56
0 10 6.89
0 11 10.12
0 12 4.78
0 13 15.34
0 14 8.91
0 15 12.45
0 16 5.23
0 17 9.67
0 18 14.89
0 19 7.12
1 0 6.34
1 2 9.87
1 3 11.23
1 4 4.56
1 5 13.78
1 6 8.12
1 7 14.45
1 8 5.89
1 9 10.23
1 10 12.67
1 11 7.34
1 12 9.12
1 13 6.78
1 14 11.45
1 15 14.23
1 16 8.67
1 17 5.34
1 18 12.89
1 19 9.56
2 0 10.45
2 1 7.89
2 3 13.12
2 4 6.45
2 5 11.78
2 6 9.23
2 7 5.67
2 8 14.12
2 9 8.45
2 10 12.78
2 11 6.23
2 12 10.56
2 13 14.89
2 14 7.34
2 15 11.67
2 16 5.12
2 17 9.45
2 18 13.78
2 19 8.23
3 0 9.12
3 1 13.45
3 2 6.78
3 4 11.23
3 5 5.67
3 6 14.12
3 7 8.45
3 8 12.78
3 9 7.23
3 10 10.56
3 11 14.89
3 12 6.34
3 13 11.67
3 14 9.12
3 15 5.45
3 16 13.78
3 17 7.89
3 18 12.23
3 19 6.56
4 0 11.78
4 1 8.23
4 2 14.56
4 3 7.12
4 5 10.45
4 6 6.89
4 7 13.23
4 8 9.67
4 9 5.34
4 10 12.78
4 11 8.12
4 12 14.45
4 13 7.89
4 14 11.23
4 15 6.67
4 16 10.12
4 17 14.56
4 18 8.89
4 19 5.23
5 0 12.34
5 1 9.78
5 2 6.12
5 3 13.45
5 4 8.89
5 6 11.23
5 7 7.56
5 8 14.12
5 9 10.45
5 10 6.78
5 11 12.23
5 12 9.56
5 13 5.89
5 14 13.34
5 15 8.67
5 16 12.12
5 17 6.45
5 18 10.78
5 19 14.23
6 0 7.89
6 1 13.23
6 2 10.56
6 3 5.12
6 4 12.45
6 5 8.78
6 7 14.23
6 8 6.67
6 9 11.12
6 10 9.45
6 11 5.78
6 12 13.12
6 13 10.45
6 14 7.89
6 15 14.56
6 16 8.23
6 17 12.67
6 18 6.12
6 19 11.45
7 0 10.23
7 1 6.56
7 2 13.89
7 3 9.34
7 4 5.67
7 5 12.12
7 6 8.45
7 8 11.78
7 9 14.23
7 10 7.56
7 11 10.89
7 12 6.34
7 13 13.67
7 14 9.12
7 15 5.45
7 16 12.78
7 17 8.23
7 18 14.56
7 19 10.89
8 0 13.45
8 1 9.12
8 2 5.78
8 3 12.23
8 4 8.56
8 5 14.89
8 6 11.34
8 7 7.67
8 9 10.12
8 10 13.45
8 11 6.89
8 12 11.23
8 13 8.56
8 14 14.12
8 15 10.45
8 16 6.78
8 17 13.23
8 18 9.67
8 19 5.12
9 0 8.67
9 1 12.34
9 2 14.78
9 3 6.23
9 4 10.56
9 5 13.12
9 6 7.45
9 7 11.89
9 8 5.34
9 10 9.67
9 11 13.23
9 12 8.12
9 13 12.45
9 14 6.78
9 15 11.34
9 16 14.67
9 17 10.23
9 18 7.56
9 19 13.89
10 0 11.23
10 1 7.67
10 2 14.12
10 3 9.45
10 4 5.89
10 5 13.34
10 6 10.67
10 7 6.23
10 8 12.56
10 9 8.12
10 11 14.45
10 12 11.78
10 13 7.34
10 14 13.67
10 15 9.23
10 16 5.56
10 17 12.89
10 18 8.45
10 19 14.78
11 0 9.56
11 1 14.12
11 2 11.45
11 3 6.89
11 4 13.23
11 5 8.67
11 6 12.34
11 7 5.78
11 8 10.12
11 9 14.56
11 10 7.89
11 12 13.45
11 13 10.78
11 14 6.34
11 15 12.67
11 16 9.12
11 17 5.45
11 18 11.89
11 19 8.23
12 0 14.67
12 1 10.34
12 2 6.78
12 3 13.12
12 4 9.45
12 5 5.89
12 6 12.23
12 7 8.56
12 8 14.12
12 9 11.45
12 10 7.23
12 11 10.67
12 13 6.12
12 14 13.56
12 15 9.89
12 16 14.34
12 17 11.78
12 18 7.23
12 19 10.56
13 0 7.34
13 1 11.89
13 2 14.23
13 3 8.67
13 4 12.12
13 5 6.45
13 6 10.78
13 7 13.34
13 8 9.56
13 9 5.23
13 10 11.67
13 11 14.12
13 12 8.45
13 14 12.78
13 15 7.23
13 16 11.56
13 17 14.89
13 18 10.34
13 19 6.67
14 0 12.89
14 1 8.45
14 2 5.12
14 3 11.56
14 4 14.23
14 5 10.67
14 6 7.12
14 7 13.45
14 8 9.89
14 9 6.34
14 10 12.67
14 11 8.23
14 12 14.56
14 13 11.12
14 15 6.78
14 16 10.23
14 17 13.67
14 18 9.12
14 19 5.45
15 0 10.12
15 1 13.67
15 2 9.34
15 3 6.78
15 4 14.23
15 5 11.56
15 6 7.89
15 7 12.34
15 8 8.67
15 9 14.12
15 10 10.45
15 11 6.23
15 12 13.56
15 13 9.89
15 14 5.34
15 16 12.67
15 17 8.12
15 18 14.45
15 19 11.78
16 0 13.34
16 1 9.67
16 2 6.23
16 3 12.56
16 4 8.12
16 5 14.45
16 6 11.78
16 7 7.34
16 8 10.67
16 9 13.23
16 10 9.56
16 11 5.89
16 12 12.34
16 13 8.67
16 14 14.12
16 15 10.45
16 17 6.78
16 18 13.23
16 19 9.56
17 0 8.89
17 1 14.34
17 2 11.67
17 3 7.23
17 4 13.56
17 5 10.12
17 6 6.45
17 7 12.78
17 8 9.23
17 9 5.67
17 10 14.12
17 11 11.45
17 12 7.89
17 13 13.34
17 14 10.67
17 15 6.12
17 16 12.45
17 18 8.78
17 19 14.23
18 0 11.56
18 1 7.23
18 2 13.67
18 3 10.12
18 4 6.45
18 5 14.89
18 6 12.34
18 7 8.67
18 8 5.12
18 9 11.45
18 10 14.78
18 11 10.23
18 12 6.56
18 13 13.12
18 14 9.45
18 15 5.78
18 16 12.23
18 17 8.56
18 19 14.89
19 0 14.12
19 1 10.78
19 2 7.34
19 3 13.67
19 4 11.23
19 5 6.56
19 6 12.89
19 7 9.34
19 8 5.67
19 9 14.45
19 10 11.12
19 11 7.56
19 12 13.89
19 13 10.34
19 14 6.67
19 15 12.12
19 16 8.45
19 17 14.78
19 18 11.23