# ROAD NETWORK GRAPH - SHKODER, ALBANIA
# Data Source: OpenStreetMap 
# Graph Type: Directed weighted graph
# Weight Unit: Meters (great-circle distance)
# Coordinate System: WGS84
# Contains: Road network edges with distances
# V = 1,744; E = 3,523 
source,target,weight
1841779106,3738789762,19.75
3738789762,3208853071,12.57
3405456135,3250914262,18.45
3250914262,3405456136,6.52
3405456136,894115989,7.91
3250913851,3306252744,3.07
3306252744,3306252736,2.01
3306252736,3250913850,4.63
3311798203,3738764485,51.45
3738764485,3311798203,51.45
3738764485,3738764483,6.39
3738764483,3738764485,6.39
3738764483,283588108,9.71
283588108,3738764483,9.71
3767245264,3250913853,11.22
3250913853,3250913854,5.85
3250913854,1841951374,5.16
1841951374,3405456128,25.20
3405456128,3405456129,27.96
3405456129,3405456131,25.24
3405456131,4891796151,14.04
4891796151,615129718,12.68
5761683609,3208852942,5.18
3208852942,5761683609,5.18
3208852942,3208852944,15.44
3208852944,3208852942,15.44
3208852944,5761683604,3.07
5761683604,3208852944,3.07
5761683604,1841779101,7.39
1841779101,5761683604,7.39
1841779101,5761683600,4.18
5761683600,1841779101,4.18
5761683600,3208852959,4.99
3208852959,5761683600,4.99
3208852959,3208852960,6.94
3208852960,3208852959,6.94
3208852960,6126268343,4.89
6126268343,3208852960,4.89
6126268343,3208853062,9.32
3208853062,6126268343,9.32
3208853062,1841779104,10.20
1841779104,3208853062,10.20
1841779104,5938816059,45.55
5938816059,1841779104,45.55
5938816059,873829003,9.45
873829003,5938816059,9.45
4531762586,5928596227,7.03
5928596227,3250914261,96.36
3250914261,4531789985,3.33
7920674669,3405456137,9.86
3405456137,7920674669,9.86
3405456137,3250914263,6.57
3250914263,3405456137,6.57
3250914263,12029938734,20.20
12029938734,3250914263,20.20
12029938734,4539321702,4.92
4539321702,12029938734,4.92
662406482,5931297524,11.29
5931297524,662406482,11.29
5931297524,3405456130,17.90
3405456130,5931297524,17.90
3405456130,5208132188,13.04
5208132188,3405456130,13.04
5208132188,1841779092,6.50
1841779092,5208132188,6.50
1843284179,5931297765,33.75
5931297765,1843284179,33.75
5931297765,3314126094,38.39
3314126094,5931297765,38.39
3314126094,5931297764,35.35
5931297764,3314126094,35.35
5931297764,3305233303,20.29
3305233303,5931297764,20.29
3305233303,3305233276,25.55
3305233276,3305233303,25.55
3305233276,1843284177,18.33
1843284177,3305233276,18.33
1843284177,4891796157,21.52
4891796157,1843284177,21.52
4891796157,3305233186,14.01
3305233186,4891796157,14.01
3305233186,3758772358,41.98
3758772358,3305233186,41.98
3758772358,5208133624,7.28
5208133624,3758772358,7.28
5208133624,1841951349,2.62
1841951349,5208133624,2.62
5569972554,5780851535,23.62
5780851535,5569972530,17.24
5569972530,848503610,8.57
882467003,882467002,45.67
882467002,882467003,45.67
3314125328,905084951,26.35
905084951,3314125328,26.35
410105356,3397396005,12.47
3397396005,7106723580,6.03
7106723580,848503606,3.15
848503606,3397396006,2.52
3397396006,4524762176,66.02
4524762176,3397396008,8.31
3397396008,3397396009,17.06
3397396009,5780851533,49.60
5780851533,3397396010,0.69
3397396010,4524762159,19.36
4524762159,4524762164,14.06
4524762164,662406405,28.00
662406405,7106723686,10.20
7106723686,662396448,13.22
410105794,5763141487,7.12
5763141487,410105794,7.12
5763141487,4524341092,12.80
4524341092,5763141487,12.80
4524341092,3406277183,44.19
3406277183,4524341092,44.19
3406277183,882467002,65.19
882467002,3406277183,65.19
882467002,5763141485,24.90
5763141485,882467002,24.90
5763141485,410109085,14.23
410109085,5763141485,14.23
3314129224,4893932125,95.34
4893932125,3314129224,95.34
4893932125,5927164647,45.21
5927164647,4893932125,45.21
5927164647,3758772360,47.06
3758772360,5927164647,47.06
3758772360,1841951387,4.98
1841951387,3758772360,4.98
5190437767,5765363768,52.01
5765363768,4518971236,24.54
4518971236,4518971229,34.34
4518971229,662396448,56.25
3315853499,1841951412,4.99
1841951412,3315853498,6.03
3315853498,3315853497,5.19
3315853497,6126268355,7.62
6126268355,6126268356,5.58
6126268356,1841951410,7.60
1841951410,3315853494,8.38
3315853494,1841951408,5.64
1841951408,3208852940,8.92
3208852940,6126268358,30.29
6126268358,6126268357,7.88
6126268357,5767451652,6.44
5767451652,3314365274,8.54
410111749,3406277182,8.17
3406277182,410111749,8.17
3406277182,5761683593,10.39
5761683593,3406277182,10.39
5761683593,1841951434,12.40
1841951434,5761683593,12.40
1841951434,3406277185,15.10
3406277185,1841951434,15.10
3406277185,5761683591,9.93
5761683591,3406277185,9.93
5761683591,5761683592,9.11
5761683592,5761683591,9.11
5761683592,1841951467,11.30
1841951467,5761683592,11.30
1841951467,3723809843,5.37
3723809843,1841951467,5.37
3723809843,3406277186,11.35
3406277186,3723809843,11.35
3406277186,1841951473,13.77
1841951473,3406277186,13.77
1841951473,5761683582,64.85
5761683582,1841951473,64.85
5761683582,1841951509,8.22
1841951509,5761683582,8.22
3208852901,4893255829,8.95
4893255829,3304481892,3.86
3304481892,3304481890,8.78
3304481890,3208852898,10.35
3208852898,3304481878,12.04
3304481878,3304481875,6.67
3304481875,1842411058,7.33
1842411058,3304481758,5.65
3304481758,3304481748,6.10
3304481748,3304481736,16.91
3304481736,3757875573,2.19
3757875573,4893255828,4.72
4893255828,1842411054,5.93
2418334804,1853057284,18.44
1853057284,2418334804,18.44
1877241896,1877241890,5.17
1877241890,1877241896,5.17
1877241890,5934049763,29.86
5934049763,1877241890,29.86
5934049763,3324836707,27.61
3324836707,5934049763,27.61
3324836707,3324831554,29.68
3324831554,3324836707,29.68
3324831554,5926822056,10.58
5926822056,3324831554,10.58
5926822056,5926822055,4.06
5926822055,5926822056,4.06
5926822055,3311799510,15.94
3311799510,5926822055,15.94
3311799510,3324831072,13.58
3324831072,3311799510,13.58
3324831072,4539321579,15.26
4539321579,3324831072,15.26
4539321579,1877241889,10.60
1877241889,4539321579,10.60
1877241889,3324836041,4.53
3324836041,1877241889,4.53
3324836041,7090725079,3.38
7090725079,3324836041,3.38
7090725079,1877241888,4.19
1877241888,7090725079,4.19
3311797557,5050638707,9.90
5050638707,3311797961,53.48
3311797961,4891796172,1.94
4891796172,4891796171,2.08
4891796171,3311797965,2.09
3311797965,3311797964,4.29
615129718,3765060850,74.71
3765060850,615129718,74.71
3765060850,3311798710,18.37
3311798710,3765060850,18.37
3311798710,283588374,16.28
283588374,3311798710,16.28
283588374,3311798416,48.00
3311798416,283588374,48.00
3311798416,3311798242,38.45
3311798242,3311798416,38.45
3311798242,3368091377,7.28
3368091377,3311798242,7.28
3368091377,283588376,19.93
283588376,3368091377,19.93
283588376,616450170,76.61
616450170,283588376,76.61
616450170,5050638708,54.87
5050638708,616450170,54.87
5050638708,899050475,9.54
899050475,5050638708,9.54
2418334807,7204801449,10.31
7204801449,2418334802,11.06
2418334802,2418334794,13.29
3208852908,3253478151,15.13
3253478151,2418334797,10.78
2418334797,3253478150,9.74
3253478150,2418334798,8.92
2418334798,3253478154,9.67
3253478154,3738764487,5.10
3738764487,2418334804,4.13
3311797964,2418355561,30.69
410112808,5783448349,12.93
5783448349,410112808,12.93
5783448349,5569972553,5.63
5569972553,5783448349,5.63
5569972553,6868298591,22.76
6868298591,5569972553,22.76
6868298591,5569972529,14.46
5569972529,6868298591,14.46
5569972529,5569972528,18.62
5569972528,5569972529,18.62
5569972528,848503610,15.53
848503610,5569972528,15.53
848503610,3371873871,11.72
3371873871,848503610,11.72
3371873871,4524339681,6.65
4524339681,3371873871,6.65
4524339681,3371873884,5.65
3371873884,4524339681,5.65
3371873884,4524339683,8.06
4524339683,3371873884,8.06
4524339683,3371873915,9.38
3371873915,4524339683,9.38
3371873915,3757875589,23.10
3757875589,3371873915,23.10
3757875589,7106723590,3.26
7106723590,3757875589,3.26
7106723590,7252656112,6.08
7252656112,7106723590,6.08
3208852934,12821590677,6.64
12821590677,3208852938,50.70
3208852938,3311799137,29.73
3311799137,3311799322,35.27
3311799322,3975533450,73.61
3975533450,3311799520,3.09
3311799520,3208853064,11.73
3208853064,4000891411,5.63
4000891411,3250914294,2.73
3250914294,4000891412,3.49
4000891412,3208853067,4.11
929137991,929137981,3.64
929137981,929137991,3.64
929137981,3315853948,5.59
3315853948,929137981,5.59
3315853948,5763141550,5.11
5763141550,3315853948,5.11
5763141550,929137980,5.78
929137980,5763141550,5.78
929137980,3315853947,4.19
3315853947,929137980,4.19
3315853947,3315853946,4.96
3315853946,3315853947,4.96
3315853946,6126268298,4.92
6126268298,3315853946,4.92
6126268298,929137990,3.45
929137990,6126268298,3.45
929137990,6126268299,3.52
6126268299,929137990,3.52
6126268299,410108824,5.16
410108824,6126268299,5.16
410108824,5763141448,3.91
5763141448,410108824,3.91
5763141448,3315853508,7.11
3315853508,5763141448,7.11
3315853508,1841779131,12.77
1841779131,3315853508,12.77
1841779131,5938816031,13.08
5938816031,1841779131,13.08
5938816031,1841779127,11.82
1841779127,5938816031,11.82
1841779127,3315853507,14.27
3315853507,1841779127,14.27
3315853507,3208853078,16.41
3208853078,3315853507,16.41
3208853078,6126268306,15.54
6126268306,3208853078,15.54
6126268306,1841779126,13.04
1841779126,6126268306,13.04
1841779126,6126268305,21.94
6126268305,1841779126,21.94
6126268305,3208853077,22.80
3208853077,6126268305,22.80
3208853077,1841779114,20.02
1841779114,3208853077,20.02
1841779114,3208853072,50.82
3208853072,1841779114,50.82
3208853072,3408790315,27.84
3408790315,3208853072,27.84
3408790315,1841779105,16.70
1841779105,3408790315,16.70
1841779105,5761683525,13.05
5761683525,1841779105,13.05
5761683525,5938810781,14.20
5938810781,5761683525,14.20
5938810781,5761683532,9.91
5761683532,5938810781,9.91
5761683532,3208853063,22.42
3208853063,5761683532,22.42
3208853063,1841779100,56.90
1841779100,3208853063,56.90
1841779100,5783446841,22.49
5783446841,1841779100,22.49
5783446841,1841779097,8.70
1841779097,5783446841,8.70
1841779097,5765357131,14.24
5765357131,1841779097,14.24
5765357131,7090757429,11.93
7090757429,5765357131,11.93
7090757429,5761683544,3.92
5761683544,7090757429,3.92
5761683544,1841779095,14.31
1841779095,5761683544,14.31
3208852895,5190437764,56.11
5190437764,3208852895,56.11
5190437764,5052276990,3.71
5052276990,5190437764,3.71
5052276990,3208852891,8.12
3208852891,5052276990,8.12
3208852919,3757875588,65.01
3757875588,3208852937,8.38
2418334807,7204801448,6.56
7204801448,3253478156,5.00
3253478156,2418334806,4.95
2418334806,3253478155,4.40
3253478155,1841779082,6.51
3208852943,3208852941,18.21
3208852941,3208852943,18.21
3208852941,3208852940,28.85
3208852940,3208852941,28.85
3208852917,5767451781,35.43
5767451781,3208852917,35.43
5767451781,3408954074,6.50
3408954074,5767451781,6.50
3408954074,5765356374,6.74
5765356374,3408954074,6.74
894116007,12034131908,3.67
12034131908,894116007,3.67
12034131908,3250914267,3.01
3250914267,12034131908,3.01
3250914267,3250914265,3.50
3250914265,3250914267,3.50
3250914265,3250914264,3.50
3250914264,3250914265,3.50
3250914264,894115989,3.50
894115989,3250914264,3.50
894115989,7920674669,0.52
7920674669,894115989,0.52
7920674669,3405456138,2.36
3405456138,7920674669,2.36
3405456138,3250914266,2.89
3250914266,3405456138,2.89
3250914266,3250914268,2.88
3250914268,3250914266,2.88
3250914268,3250914276,2.89
3250914276,3250914268,2.89
3250914276,894116005,2.88
894116005,3250914276,2.88
3208853067,1841779106,48.73
3250914293,5208133631,4.97
5208133631,5208133634,33.33
1841779106,3738789760,33.83
3738789760,1841779106,33.83
3738789760,3738789756,34.54
3738789756,3738789760,34.54
3738789756,616450189,39.59
616450189,3738789756,39.59
616450189,3250914293,36.46
3250914293,616450189,36.46
3250914293,4531679701,14.89
4531679701,3250914293,14.89
4531679701,5208133630,26.53
5208133630,4531679701,26.53
5208133630,3758772362,22.24
3758772362,5208133630,22.24
3758772362,12034131907,2.91
12034131907,3758772362,2.91
12034131907,894116007,2.76
894116007,12034131907,2.76
3738764476,3304481741,40.83
3304481741,3738764476,40.83
3304481741,3757875576,3.20
3757875576,3304481741,3.20
3757875576,3159229752,55.17
3159229752,3757875576,55.17
3159229752,616449887,46.84
616449887,3159229752,46.84
616449887,3159229723,1.17
3159229723,616449887,1.17
3159229723,616449889,86.57
616449889,3159229723,86.57
616449889,616449884,18.46
616449884,616449889,18.46
616449884,7090724990,54.61
7090724990,616449884,54.61
7090724990,4893255724,38.24
4893255724,7090724990,38.24
4893255724,4889315698,26.38
4889315698,4893255724,26.38
4889315698,3757875547,2.47
3757875547,4889315698,2.47
3311799327,3311799341,5.06
3311799341,3311799327,5.06
3311799341,3311799359,5.66
3311799359,3311799341,5.66
3311799359,3311799371,5.26
3311799371,3311799359,5.26
3311799371,3311799385,4.85
3311799385,3311799371,4.85
3311799385,3311799399,4.17
3311799399,3311799385,4.17
3311798833,3311798710,35.65
3311798710,3311798833,35.65
3311798660,3311798416,38.23
3311798416,3311798660,38.23
3311798242,5928660400,17.19
5928660400,3311798242,17.19
5928660400,5928660399,6.39
5928660399,5928660400,6.39
5928660399,4531762587,10.48
4531762587,5928660399,10.48
4531762587,3774830567,25.09
3774830567,4531762587,25.09
3774830567,5208133647,4.59
5208133647,3774830567,4.59
5208133647,3311798683,4.83
3311798683,5208133647,4.83
4713028392,5208133665,0.62
5208133665,4713028392,0.62
5208133665,3774830565,0.60
3774830565,5208133665,0.60
3774830565,3311798203,3.90
3311798203,3774830565,3.90
3306252784,3306252814,23.54
3306252814,3306252784,23.54
3306252814,283588374,19.72
283588374,3306252814,19.72
3311798747,3311798749,6.71
3311798749,3311798747,6.71
3311798749,5208133663,3.95
5208133663,3311798749,3.95
5208133663,3311798761,4.19
3311798761,5208133663,4.19
3311798761,3774830568,5.44
3774830568,3311798761,5.44
3774830568,5208133662,3.75
5208133662,3774830568,3.75
5208133662,3311798800,5.62
3311798800,5208133662,5.62
3311799033,3311799103,23.62
3311799103,3311799033,23.62
3311799103,3311799126,13.54
3311799126,3311799103,13.54
3311799126,9931970678,20.71
9931970678,3311799126,20.71
9931970678,3311799113,1.81
3311799113,9931970678,1.81
3311798946,3311798972,4.88
3311798972,3311798946,4.88
3311798972,3406151949,5.70
3406151949,3311798972,5.70
3406151949,3311799010,5.81
3311799010,3406151949,5.81
3311799010,3311799083,22.42
3311799083,3311799010,22.42
3311799083,3406151950,7.39
3406151950,3311799083,7.39
3406151950,3774830569,3.64
3774830569,3406151950,3.64
3774830569,5208133632,4.35
5208133632,3774830569,4.35
5208133632,3311799136,4.48
3311799136,5208133632,4.48
3311799113,3311799155,20.53
3311799155,3311799113,20.53
3314125265,4891870977,18.17
4891870977,3314125265,18.17
4891870977,3758939443,4.39
3758939443,4891870977,4.39
3758939443,5208132220,2.09
5208132220,3758939443,2.09
5208132220,3314125233,9.10
3314125233,5208132220,9.10
3314129682,3314129552,27.46
3314129552,3314129682,27.46
3314129552,3314129515,12.15
3314129515,3314129552,12.15
3314129515,3314129468,13.62
3314129468,3314129515,13.62
3314129468,3314129224,4.45
3314129224,3314129468,4.45
3314125539,3314125799,19.11
3314125799,3314125539,19.11
3314125799,3314125795,3.92
3314125795,3314125799,3.92
3314125795,3314126094,31.37
3314126094,3314125795,31.37
5931462095,5931462096,5.40
5931462096,5931462095,5.40
5931462096,5931462097,2.59
5931462097,5931462096,2.59
5931462097,5931462098,3.58
5931462098,5931462097,3.58
5931462098,5931462099,3.28
5931462099,5931462098,3.28
5931462099,5931462100,3.33
5931462100,5931462099,3.33
5931462100,5931462101,2.61
5931462101,5931462100,2.61
5931462101,5931462102,3.01
5931462102,5931462101,3.01
5931462102,3314125435,3.11
3314125435,5931462102,3.11
3314125435,5931462104,19.60
5931462104,3314125435,19.60
5931462104,5931462103,4.50
5931462103,5931462104,4.50
5931462103,3314125401,3.28
3314125401,5931462103,3.28
3314125401,3314125443,18.97
3314125443,3314125401,18.97
3314125443,3314125405,23.93
3314125405,3314125443,23.93
3314125405,905084951,39.43
905084951,3314125405,39.43
3314125801,5931297863,3.16
5931297863,3314125801,3.16
5931297863,5931297864,3.85
5931297864,5931297863,3.85
5931297864,3314126068,8.50
3314126068,5931297864,8.50
3314126068,5931297865,2.62
5931297865,3314126068,2.62
5931297865,3314126091,2.11
3314126091,5931297865,2.11
3314126091,3314126103,6.45
3314126103,3314126091,6.45
3314126103,3314126130,15.54
3314126130,3314126103,15.54
3314126130,616450373,7.51
616450373,3314126130,7.51
3315853489,3315853490,6.01
3315853490,3315853489,6.01
3315853490,3315853491,6.87
3315853491,3315853490,6.87
3315853491,3315853492,6.76
3315853492,3315853491,6.76
3315853492,3315853493,5.23
3315853493,3315853492,5.23
3315853493,3315853495,7.85
3315853495,3315853493,7.85
3315853495,3315853499,6.98
3315853499,3315853495,6.98
5761683610,3315853506,30.34
3315853506,5761683610,30.34
3315853506,6126268351,6.28
6126268351,3315853506,6.28
6126268351,5765357132,3.50
5765357132,6126268351,3.50
5765357132,3315853505,3.40
3315853505,5765357132,3.40
3315853505,3315853504,3.95
3315853504,3315853505,3.95
3315853504,3315853503,6.00
3315853503,3315853504,6.00
3315853503,6126268352,5.17
6126268352,3315853503,5.17
6126268352,3315853502,5.27
3315853502,6126268352,5.27
3315853502,6126268353,6.43
6126268353,3315853502,6.43
6126268353,3315853501,5.44
3315853501,6126268353,5.44
3315853501,7090757423,7.03
7090757423,3315853501,7.03
7090757423,3315853500,1.37
3315853500,7090757423,1.37
3315853500,3315853496,8.55
3315853496,3315853500,8.55
3315853496,1841779097,9.74
1841779097,3315853496,9.74
3324836616,1877241896,20.77
1877241896,3324836616,20.77
3368091377,4751183478,4.35
4751183478,3368091377,4.35
4751183478,5894579369,1.18
5894579369,4751183478,1.18
3397396015,7106723718,4.36
7106723718,3397396015,4.36
7106723718,5569972556,1.91
5569972556,7106723718,1.91
5569972556,5569972555,6.23
5569972555,5569972556,6.23
5569972555,3397396014,19.94
3397396014,5569972555,19.94
3397396014,3397396016,40.09
3397396016,3397396014,40.09
3397396016,7106723699,66.96
7106723699,3397396016,66.96
7106723699,3397396018,3.66
3397396018,7106723699,3.66
3397396004,5780851531,20.01
5780851531,3397396004,20.01
5780851531,5569972570,28.00
5569972570,5780851531,28.00
5569972570,3397396006,2.76
3397396006,5569972570,2.76
662396448,5569971740,34.98
5569971740,3757875586,23.17
3757875586,13247101046,1.57
12942568738,4891796164,17.55
4891796164,12942568738,17.55
4891796164,1877245911,22.02
1877245911,4891796164,22.02
1877245911,1877245913,11.38
1877245913,1877245911,11.38
1877245913,5208132191,6.60
5208132191,1877245913,6.60
5208132191,2418355561,4.11
2418355561,5208132191,4.11
899050475,3757875582,7.84
3757875582,899050475,7.84
3757875582,3408957657,13.96
3408957657,3757875582,13.96
3397420192,5931297541,8.21
5931297541,3397420192,8.21
5931297541,5931297936,18.38
5931297936,5931297541,18.38
5931297936,5931297937,14.45
5931297937,5931297936,14.45
5931297937,662406482,8.92
662406482,5931297937,8.92
4893932127,3401911620,49.58
3401911620,4893932127,49.58
3401911620,4893932126,21.82
4893932126,3401911620,21.82
4893932126,3401911616,23.28
3401911616,4893932126,23.28
3401911616,3401911613,50.58
3401911613,3401911616,50.58
3401911613,3758772361,44.17
3758772361,3401911613,44.17
3758772361,3401911612,5.58
3401911612,3758772361,5.58
3408790260,3408790265,1.72
3408790265,3408790260,1.72
3408790265,3408790271,1.72
3408790271,3408790265,1.72
3408790271,3408790276,1.72
3408790276,3408790271,1.72
3408790276,3408790284,1.71
3408790284,3408790276,1.71
3408790284,3408790286,1.71
3408790286,3408790284,1.71
3408790286,3408790288,1.72
3408790288,3408790286,1.72
3408790288,3408790287,1.71
3408790287,3408790288,1.71
3408790287,3408790285,1.72
3408790285,3408790287,1.72
3408790285,3408790280,1.71
3408790280,3408790285,1.71
3408790280,3408790274,1.72
3408790274,3408790280,1.72
3408790274,3408790268,1.72
3408790268,3408790274,1.72
3408790268,3408790261,1.71
3408790261,3408790268,1.71
3408790261,3408790259,1.71
3408790259,3408790261,1.71
3408790259,3408790257,1.72
3408790257,3408790259,1.72
3408790257,3408790258,1.71
3408790258,3408790257,1.71
3408790258,3408790260,1.71
3408790260,3408790258,1.71
3250913856,3250913851,51.32
616450172,5928596269,25.80
5928596269,4531763310,8.70
4531763310,3311798800,9.48
3314365274,5208133667,12.72
5208133667,3738789744,4.74
3738789744,3250913860,7.03
283588324,1841670694,45.35
1841670694,3250914295,10.77
3250914295,2418334832,10.27
2418334832,3975533452,16.31
3975533452,3408790305,6.87
3408790305,5767451651,97.09
5767451651,12821590676,85.70
12821590676,3250913860,6.20
3250913860,3932097570,72.72
3932097570,3738764494,7.35
3738764494,3738764493,7.81
3738764493,1853057302,6.33
1853057302,2418334818,15.16
3408790260,274122535,10.46
274122535,3408790260,10.46
2418355567,3408790285,17.34
3408790285,2418355567,17.34
5761683613,5761683614,21.74
5761683614,5761683613,21.74
5761683614,5761683615,9.69
5761683615,5761683614,9.69
5761683615,5761683616,15.50
5761683616,5761683615,15.50
5761683616,6126268320,14.77
6126268320,5761683616,14.77
6126268320,6126268319,11.36
6126268319,6126268320,11.36
6126268319,6126268318,7.12
6126268318,6126268319,7.12
6126268318,5761683617,3.68
5761683617,6126268318,3.68
5761683617,5761683618,13.96
5761683618,5761683617,13.96
5761683618,5761683619,2.81
5761683619,5761683618,2.81
5761683619,5761683620,3.23
5761683620,5761683619,3.23
5761683620,3408790328,9.08
3408790328,5761683620,9.08
3408790328,3408790329,7.35
3408790329,3408790328,7.35
4751161311,4893255740,4.40
4893255740,3408957662,7.54
3408957662,3408957657,9.06
3408790314,3408790313,6.79
3408790313,3408790314,6.79
3408790313,3408790311,16.86
3408790311,3408790313,16.86
3408790311,3408790315,30.51
3408790315,3408790311,30.51
3408790319,5938816910,2.63
5938816910,3408790319,2.63
5938816910,5938816911,3.00
5938816911,5938816910,3.00
5938816911,3408790318,16.76
3408790318,5938816911,16.76
3408790318,5938816912,3.44
5938816912,3408790318,3.44
5938816912,3408790317,3.91
3408790317,5938816912,3.91
3408790317,5938816914,17.42
5938816914,3408790317,17.42
5938816914,5938816913,3.91
5938816913,5938816914,3.91
5938816913,3408790316,3.50
3408790316,5938816913,3.50
3408790316,3408790312,21.82
3408790312,3408790316,21.82
3408790312,3408790309,13.99
3408790309,3408790312,13.99
3408790309,3408790307,13.99
3408790307,3408790309,13.99
3408790307,3738789755,11.11
3738789755,3408790307,11.11
3738789755,3738789754,3.47
3738789754,3738789755,3.47
3738789754,3408790305,4.53
3408790305,3738789754,4.53
3408790324,3408790321,5.48
3408790321,3408790324,5.48
3408790321,3758772364,7.17
3758772364,3408790321,7.17
3758772364,5767451775,8.46
5767451775,3758772364,8.46
5767451775,3408790320,4.19
3408790320,5767451775,4.19
5926828829,5926828830,8.29
5926828830,5926828829,8.29
5926828830,5926828831,3.73
5926828831,5926828830,3.73
5926828831,5926828832,4.77
5926828832,5926828831,4.77
5926828832,5926828833,6.09
5926828833,5926828832,6.09
5926828833,5926828834,6.95
5926828834,5926828833,6.95
5926828834,5926828835,6.48
5926828835,5926828834,6.48
5926828835,5926828836,4.19
5926828836,5926828835,4.19
5926828836,5926828837,4.57
5926828837,5926828836,4.57
5926828837,5926828838,1.56
5926828838,5926828837,1.56
5926828838,3311799869,4.02
3311799869,5926828838,4.02
3311799869,3311800030,46.43
3311800030,3311799869,46.43
3311800030,3311800187,19.90
3311800187,3311800030,19.90
1841951481,3250914299,21.15
3250914299,1841951481,21.15
3250914299,3408790325,9.54
3408790325,3250914299,9.54
3408790325,3397603144,9.71
3397603144,3408790325,9.71
3397603144,3408790322,6.35
3408790322,3397603144,6.35
3408790322,3397603143,4.94
3397603143,3408790322,4.94
3397603143,3408790323,3.77
3408790323,3397603143,3.77
3408790323,3397603145,3.25
3397603145,3408790323,3.25
3397603145,5926822067,8.14
5926822067,3397603145,8.14
5926822067,5926822068,11.26
5926822068,5926822067,11.26
5926822068,1841951471,23.02
1841951471,5926822068,23.02
1841779083,3253478157,9.62
3253478157,2418334816,11.24
2418334816,2418334817,9.00
3408954073,5208133666,2.58
5208133666,3408954073,2.58
5208133666,3738764486,6.15
3738764486,5208133666,6.15
3738764486,2418334804,4.76
2418334804,3738764486,4.76
2418334815,5765356371,15.55
3208852918,3208852917,17.76
3208852917,3208852918,17.76
3414621139,3414621140,40.72
3414621140,3414621139,40.72
3414621140,5811694375,5.91
5811694375,3414621140,5.91
5811694375,3414621142,10.48
3414621142,5811694375,10.48
3414621142,3757875591,3.77
3757875591,3414621142,3.77
3757875591,7106723570,3.68
7106723570,3757875591,3.68
7106723570,3414621144,6.13
3414621144,7106723570,6.13
3250913856,8963150294,28.08
3414621126,3774830566,5.66
3774830566,3414621126,5.66
3774830566,5208133664,3.17
5208133664,3774830566,3.17
5208133664,8963150294,3.99
8963150294,5208133664,3.99
3690554413,5765355885,4.60
5765355885,3690554413,4.60
5765355885,3820959902,2.82
3820959902,5765355885,2.82
5765355895,3690557334,1.70
3690557334,5765355895,1.70
3690557334,3690557330,6.29
3690557330,3690557334,6.29
3690557330,3690557326,11.78
3690557326,3690557330,11.78
3690554411,3690554419,19.93
3690554419,3690554411,19.93
3690554419,3757875585,12.85
3757875585,3690554419,12.85
3757875585,5190437766,2.87
5190437766,3757875585,2.87
5190437766,3690557328,7.55
3690557328,5190437766,7.55
5761683590,5826988889,5.45
5826988889,5761683590,5.45
5826988889,5763141490,40.94
5763141490,5826988889,40.94
5763141490,3723809853,31.43
3723809853,5763141490,31.43
3208852882,3208852887,61.88
3208852887,3757875566,5.72
3757875566,3757875583,108.10
3757875583,3208852901,8.54
3208852901,4000891409,30.80
4000891409,3690557328,19.59
3690557328,3738764482,11.79
3738764482,3410786183,7.77
3410786183,3208852908,19.24
3208852908,3738764488,13.12
3738764488,3208852910,5.64
894186604,2418334794,38.43
2418334794,3738764484,7.24
3738764484,3208852904,55.92
3208852904,3757875584,14.63
3757875584,5780893664,71.67
5780893664,3757875570,36.56
3757875570,3208852891,7.10
3208852891,1842411025,53.05
1842411025,3208852881,9.19
7106723489,3414621144,62.76
3311799136,3914607353,1.74
3914607353,5208133642,88.86
283588108,13143806632,32.13
13143806632,283588108,32.13
13143806632,3738764481,27.78
3738764481,13143806632,27.78
3738764481,3738764479,4.51
3738764479,3738764481,4.51
5208133657,3738789750,65.20
3738789750,3738789751,7.09
3738789751,616450189,4.87
3311799327,3311799281,14.87
3311799281,3311799327,14.87
3311799281,3774830570,9.56
3774830570,3311799281,9.56
3738789756,5208133628,3.50
5208133628,3738789756,3.50
5208133628,3738789757,2.86
3738789757,5208133628,2.86
3738789757,3738789758,2.67
3738789758,3738789757,2.67
3414621144,7106723585,49.99
7106723585,7252656112,9.24
4517034578,4893255739,8.31
4893255739,4517034578,8.31
4893255739,1841951347,3.15
1841951347,4893255739,3.15
1841951347,899050475,31.42
899050475,1841951347,31.42
3738764477,5765374665,52.97
5765374665,5765356368,39.15
3208852918,3253480662,3.35
3253480662,3208852918,3.35
3253480662,3208852919,3.41
3208852919,3253480662,3.41
3757875581,3757875579,5.95
3757875579,3757875581,5.95
3757875579,4893255725,16.92
4893255725,3757875579,16.92
4893255725,5190437770,2.01
5190437770,4893255725,2.01
5190437770,3757875578,3.02
3757875578,5190437770,3.02
3757875578,3757875576,7.84
3757875576,3757875578,7.84
2418355561,3306252437,8.21
3306252437,5928595865,3.74
5928595865,3306252443,13.06
3306252443,5208132190,10.77
5208132190,3207730699,5.22
3207730699,3311797750,4.89
3311797750,2418355564,4.12
2418355564,3311797741,4.08
3311797741,3207730691,3.60
3207730691,2418355562,7.57
2418355562,3207730681,3.16
3207730681,2418355560,4.53
2418355560,3207730689,25.19
3207730689,2418355563,8.49
2418355563,3207730685,11.28
3207730685,5931461218,10.37
5931461218,2418355559,10.51
2418355559,3306252427,8.92
3306252427,1843284176,4.53
1843284176,725871897,48.65
410109085,410109086,37.18
410109086,410109085,37.18
410109086,3406277190,19.17
3406277190,410109086,19.17
3406277190,410109087,20.60
410109087,3406277190,20.60
410109087,5763141484,11.74
5763141484,410109087,11.74
5763141484,410111484,9.57
410111484,5763141484,9.57
3207730643,1841951349,7.53
905084949,3207730643,40.00
662406441,905084949,32.26
3767244649,662406467,10.68
3314127560,940349294,85.79
940349294,3314127560,85.79
940349294,685372646,14.03
685372646,940349294,14.03
685372646,3314127554,14.72
3314127554,685372646,14.72
3314127554,685372658,36.61
685372658,3314127554,36.61
685372658,1841951389,21.75
1841951389,685372658,21.75
1841951389,4893932122,2.66
4893932122,1841951389,2.66
4893932122,662426535,30.67
662426535,4893932122,30.67
662426535,3278024808,71.70
3278024808,662426535,71.70
3278024808,685372790,60.06
685372790,3278024808,60.06
1841951387,3405456132,6.19
3405456132,1841951387,6.19
3405456132,1841779092,4.07
1841779092,3405456132,4.07
3401911612,1841951405,3.37
1841951405,3401911612,3.37
1841951405,3405456134,10.52
3405456134,1841951405,10.52
3405456134,3405456133,10.68
3405456133,3405456134,10.68
3405456133,1841951387,53.37
1841951387,3405456133,53.37
716362302,894134473,6.15
894134473,7204724224,5.87
7204724224,790014301,7.36
790014301,7099591988,20.88
7099591988,5600209512,7.03
5600209512,3324838169,20.25
3324838169,4539610328,56.05
4539610328,3315853951,12.02
3315853951,5763141557,119.46
5763141557,3250914301,5.24
3250914301,5761683611,47.58
5761683611,3408790320,72.44
3408790320,5600209725,8.60
5600209725,929143447,4.79
929143447,283588324,17.72
3315853951,5767451638,8.74
5767451638,3315853951,8.74
5767451638,3758772367,6.49
3758772367,5767451638,6.49
3758772367,3315853952,10.15
3315853952,3758772367,10.15
3315853952,410105812,3.26
410105812,3315853952,3.26
410105812,6126268297,2.77
6126268297,410105812,2.77
6126268297,5938816008,3.09
5938816008,6126268297,3.09
5938816008,5938816009,4.78
5938816009,5938816008,4.78
5938816009,5938816010,11.13
5938816010,5938816009,11.13
5938816010,5938816011,19.23
5938816011,5938816010,19.23
5938816011,929137991,37.80
929137991,5938816011,37.80
929137991,882483004,27.38
882483004,929137991,27.38
882483004,5938816894,13.62
5938816894,882483004,13.62
5938816894,3208853081,13.76
3208853081,5938816894,13.76
3208853081,1841951570,28.48
1841951570,3208853081,28.48
1841951570,5938816893,15.57
5938816893,1841951570,15.57
5938816893,5763141659,14.10
5763141659,5938816893,14.10
5763141659,5938816383,14.60
5938816383,5763141659,14.60
5938816383,1841951544,13.90
1841951544,5938816383,13.90
1841951544,5938816892,15.13
5938816892,1841951544,15.13
5938816892,410105802,15.68
410105802,5938816892,15.68
410105802,3397489071,19.16
3397489071,410105802,19.16
3397489071,1841951502,21.15
1841951502,3397489071,21.15
1841951502,1841951470,94.97
1841951470,1841951502,94.97
1841951470,3397489070,70.37
3397489070,1841951470,70.37
3397489070,3406277184,32.24
3406277184,3397489070,32.24
3406277184,873829003,31.45
873829003,3406277184,31.45
873829003,410111749,34.08
410111749,873829003,34.08
410111749,3397489069,35.83
3397489069,410111749,35.83
3397489069,3406277181,17.63
3406277181,3397489069,17.63
3406277181,5763141486,8.52
5763141486,3406277181,8.52
5763141486,410105794,8.52
410105794,5763141486,8.52
410105794,3406277180,17.00
3406277180,410105794,17.00
3406277180,5761686431,5.53
5761686431,3406277180,5.53
4000891410,3758772363,5.28
3758772363,4000891410,5.28
3758772363,894116005,6.15
894116005,3758772363,6.15
3765060835,3765060846,39.44
3765060846,3765060835,39.44
3765060846,3765060850,29.72
3765060850,3765060846,29.72
3765119877,3207730609,3.02
3207730609,3207730612,5.30
3207730612,3758772357,33.13
3758772357,5208132199,4.29
5208132199,3207730643,2.46
725871897,3207730610,34.97
3207730610,3765119877,2.55
3765119869,3765119876,34.13
3765119876,3765119869,34.13
3765119876,3765119877,4.17
3765119877,3765119876,4.17
1841951349,1841951356,40.55
662406467,3767245264,22.55
1841951356,4891796156,17.09
4891796156,3767244649,28.38
3767244640,3767244648,14.48
3767244648,3767244640,14.48
3767244648,5208132195,3.70
5208132195,3767244648,3.70
5208132195,3767244649,2.16
3767244649,5208132195,2.16
3767244620,3767244630,34.56
3767244630,3767244620,34.56
3767244630,5208132196,3.89
5208132196,3767244630,3.89
5208132196,1841951356,2.33
1841951356,5208132196,2.33
3767244639,5928595991,17.48
5928595991,3767244639,17.48
5928595991,3767244650,17.16
3767244650,5928595991,17.16
3767244650,3767244652,5.28
3767244652,3767244650,5.28
3767244652,5928595990,3.72
5928595990,3767244652,3.72
5928595990,3767244655,4.28
3767244655,5928595990,4.28
3767244655,4891796155,4.35
4891796155,3767244655,4.35
4891796155,4891796154,12.48
4891796154,4891796155,12.48
4891796154,5075274794,6.14
5075274794,4891796154,6.14
5075274794,3767245262,3.40
3767245262,5075274794,3.40
3767245262,5208132193,2.90
5208132193,3767245262,2.90
5208132193,3767245264,3.47
3767245264,5208132193,3.47
662406482,5931297944,6.17
5931297944,662406482,6.17
5931297944,3314126438,15.52
3314126438,5931297944,15.52
3314126438,3314126362,26.70
3314126362,3314126438,26.70
3314126362,662406476,38.66
662406476,3314126362,38.66
662406476,3314126095,16.95
3314126095,662406476,16.95
3314126095,3405456127,12.91
3405456127,3314126095,12.91
3405456127,3405456126,17.75
3405456126,3405456127,17.75
3405456126,3405456125,8.49
3405456125,3405456126,8.49
3405456125,3758772359,8.91
3758772359,3405456125,8.91
3758772359,5208132194,3.99
5208132194,3758772359,3.99
5208132194,662406467,2.65
662406467,5208132194,2.65
3250913850,3738764480,114.58
3738764480,5208132192,6.61
5208132192,3250913838,9.52
3820959899,3820959892,3.19
3820959892,3820959899,3.19
3690554407,3820959895,2.88
3820959895,3690554407,2.88
3820959895,3820959902,5.16
3820959902,3820959895,5.16
3820959885,4889315720,11.97
4889315720,3820959885,11.97
4889315720,3820959887,2.46
3820959887,4889315720,2.46
3820959887,3820959895,8.46
3820959895,3820959887,8.46
3914607343,3914607345,2.21
3914607345,3914607343,2.21
3914607345,3914607344,2.31
3914607344,3914607345,2.31
3914607344,3914607342,2.32
3914607342,3914607344,2.32
3914607342,3914607341,2.31
3914607341,3914607342,2.31
3914607341,3914607339,2.32
3914607339,3914607341,2.32
3914607339,3914607337,2.54
3914607337,3914607339,2.54
3914607337,3914607335,2.31
3914607335,3914607337,2.31
3914607335,3914607334,2.58
3914607334,3914607335,2.58
3914607334,3914607336,2.60
3914607336,3914607334,2.60
3914607336,3914607338,2.59
3914607338,3914607336,2.59
3914607338,3914607340,2.59
3914607340,3914607338,2.59
3914607340,3914607343,2.69
3914607343,3914607340,2.69
7090751312,3914608557,59.11
3914608557,7090751312,59.11
3914608557,3914607355,22.39
3914607355,3914608557,22.39
3914607355,3914607351,31.88
3914607351,3914607355,31.88
3914607351,3914607348,64.72
3914607348,3914607351,64.72
3914607348,3914607347,15.49
3914607347,3914607348,15.49
3914607347,5939842464,33.32
5939842464,3914607347,33.32
5939842464,3914607330,3.41
3914607330,5939842464,3.41
3914607330,7090751341,35.47
7090751341,3914607330,35.47
3914607351,5894579364,16.02
5894579364,3914607351,16.02
5894579364,3914607349,15.87
3914607349,5894579364,15.87
3914607348,3914607346,15.48
3914607346,3914607348,15.48
3914607346,3914607332,15.88
3914607332,3914607346,15.88
3914607337,3914607333,2.89
3914607333,3914607337,2.89
3914607333,3914607329,36.65
3914607329,3914607333,36.65
3914607355,3914607352,16.28
3914607352,3914607355,16.28
3914607352,3914607350,15.88
3914607350,3914607352,15.88
3914607347,3914607333,15.56
3914607333,3914607347,15.56
3914607333,3914607331,15.67
3914607331,3914607333,15.67
12942568737,4531789990,12.34
4531789990,12942568737,12.34
4531789990,3877878369,9.00
3877878369,4531789990,9.00
4518971224,5780851538,48.71
5780851538,4518971224,48.71
5780851538,7106723674,1.92
7106723674,5780851538,1.92
7106723674,4518971229,3.80
4518971229,7106723674,3.80
4518971235,5780851539,22.67
5780851539,4518971235,22.67
5780851539,7106723671,2.04
7106723671,5780851539,2.04
7106723671,4518971236,3.22
4518971236,7106723671,3.22
4524339681,4524339670,3.01
4524339670,4524339681,3.01
4524339670,4524339680,4.02
4524339680,4524339670,4.02
4524339680,4524339679,3.57
4524339679,4524339680,3.57
4524339679,4524339678,4.86
4524339678,4524339679,4.86
4524339678,4524339677,3.76
4524339677,4524339678,3.76
4524339677,4524339676,3.72
4524339676,4524339677,3.72
4524339676,4524339675,4.39
4524339675,4524339676,4.39
4524339675,4524339674,3.27
4524339674,4524339675,3.27
4524339674,4524339673,3.97
4524339673,4524339674,3.97
4524339673,4524339672,3.83
4524339672,4524339673,3.83
4524339672,4524339671,2.75
4524339671,4524339672,2.75
13247101043,5765357124,1.15
5765357124,13247101043,1.15
5765357124,3757875587,3.39
3757875587,5765357124,3.39
3757875587,5765357133,2.04
5765357133,3757875587,2.04
4524762158,5569971737,33.10
5569971737,4524762158,33.10
5569971737,5569971736,4.49
5569971736,5569971737,4.49
4524762161,4524762162,3.85
4524762162,4524762161,3.85
4524762162,4524762163,10.88
4524762163,4524762162,10.88
4524762163,4524762160,12.59
4524762160,4524762163,12.59
4524762160,4524762164,1.66
4524762164,4524762160,1.66
4524762174,4524762175,15.76
4524762175,4524762174,15.76
4524762175,5780851532,8.48
5780851532,4524762175,8.48
5780851532,4524762176,3.73
4524762176,5780851532,3.73
4531679698,4531679699,4.70
4531679699,4531679698,4.70
4531679699,4531679700,10.67
4531679700,4531679699,10.67
4531679700,5208133625,15.80
5208133625,4531679700,15.80
616450172,5208133661,5.83
5208133661,4531762586,32.09
4531762586,5208133660,3.21
5208133660,4531762586,3.21
5208133660,4531762584,4.86
4531762584,5208133660,4.86
4531762584,4531762585,13.99
4531762585,4531762584,13.99
5928717899,4531763307,1.41
4531763307,5928717899,1.41
4531763307,5928596240,4.12
5928596240,4531763307,4.12
5928596240,7090751320,0.79
7090751320,5928596240,0.79
7090751320,4531763310,2.98
4531763310,7090751320,2.98
4531789985,3311799135,33.07
3311799155,4531789981,5.48
4531789981,3311799155,5.48
4531789981,4531789982,2.94
4531789982,4531789981,2.94
4531789982,4531789983,4.73
4531789983,4531789982,4.73
4531789983,4531789977,3.29
4531789977,4531789983,3.29
3311798683,4531762582,4.88
4531762582,5928596234,13.40
5928596234,5208133646,20.37
5208133646,3250913856,4.21
725871905,4539321425,23.65
4539321425,1841951497,6.18
4539321433,725871905,38.87
4539321440,4893930004,48.27
4893930004,4539321433,49.17
4539321430,4539321431,2.97
4539321431,4539321430,2.97
4539321431,4539321432,6.83
4539321432,4539321431,6.83
4539321432,5931736657,11.46
5931736657,4539321432,11.46
4539321448,4539321440,38.92
4539321439,4539321438,20.24
4539321438,4539321439,20.24
4539321438,7090725071,3.34
7090725071,4539321438,3.34
7090725071,4539321440,2.87
4539321440,7090725071,2.87
1877241888,4539321448,96.18
4539321439,5934125439,3.69
5934125439,4539321439,3.69
5934125439,5934125440,14.71
5934125440,5934125439,14.71
5934125440,5934125441,7.62
5934125441,5934125440,7.62
5934125441,4539321446,20.91
4539321446,5934125441,20.91
4539321446,4539321447,9.28
4539321447,4539321446,9.28
4539321447,4539321445,8.41
4539321445,4539321447,8.41
4539321445,7090725073,3.20
7090725073,4539321445,3.20
7090725073,4539321448,3.98
4539321448,7090725073,3.98
4539321702,3401911612,8.02
3401911612,4539321702,8.02
4539321698,4539321699,15.61
4539321699,4539321698,15.61
4539321699,4539321700,10.12
4539321700,4539321699,10.12
4539321700,4539321701,12.60
4539321701,4539321700,12.60
4539321701,3879011336,19.00
3879011336,4539321701,19.00
4751189341,4751189332,7.58
4751189332,4751189341,7.58
4751189332,4751189331,5.45
4751189331,4751189332,5.45
4751189331,4751189330,3.46
4751189330,4751189331,3.46
4751189330,4751189329,3.78
4751189329,4751189330,3.78
4751189329,4751189328,4.99
4751189328,4751189329,4.99
4751189328,4751189327,4.99
4751189327,4751189328,4.99
4751189327,4751189326,3.94
4751189326,4751189327,3.94
4751189326,4751189325,2.67
4751189325,4751189326,2.67
4751189333,4751189334,1.08
4751189334,4751189333,1.08
4751189334,4751189335,2.25
4751189335,4751189334,2.25
4751189335,4751189336,3.15
4751189336,4751189335,3.15
4751189336,4751189337,4.12
4751189337,4751189336,4.12
4751189337,4751189338,3.36
4751189338,4751189337,3.36
4751189338,4751189339,2.75
4751189339,4751189338,2.75
4751189339,4751189340,2.74
4751189340,4751189339,2.74
4751189340,4751189341,2.83
4751189341,4751189340,2.83
4751189341,4751189342,2.21
4751189342,4751189341,2.21
4751189342,4751189343,2.41
4751189343,4751189342,2.41
4751189343,4751189344,1.97
4751189344,4751189343,1.97
4751189344,4751189345,3.04
4751189345,4751189344,3.04
4751189345,4751189346,2.96
4751189346,4751189345,2.96
4751189346,4751189347,3.28
4751189347,4751189346,3.28
4751189347,4751189348,4.08
4751189348,4751189347,4.08
4751189348,4751189349,4.59
4751189349,4751189348,4.59
4751189349,4751189350,8.81
4751189350,4751189349,8.81
4751189352,4751189353,3.45
4751189353,4751189352,3.45
4751189353,4751189354,2.36
4751189354,4751189353,2.36
4751189354,4751189355,2.72
4751189355,4751189354,2.72
4751189355,4751189356,2.34
4751189356,4751189355,2.34
4751189356,4751189357,2.88
4751189357,4751189356,2.88
4751189357,4751189358,3.67
4751189358,4751189357,3.67
4751189358,4751189359,3.93
4751189359,4751189358,3.93
4751189359,4751189360,2.96
4751189360,4751189359,2.96
4751189360,4751189361,2.71
4751189361,4751189360,2.71
4751189361,4751189362,4.52
4751189362,4751189361,4.52
615129718,4891796150,10.19
4891796150,3405456135,12.26
1843284176,5075274806,71.27
5075274806,3306252365,69.86
3306252365,4531789989,15.74
685372705,3314129909,2.38
3314129909,685372705,2.38
3314129909,5931736674,1.26
5931736674,3314129909,1.26
5931736674,3314129929,2.08
3314129929,5931736674,2.08
3314129929,5927164648,8.96
5927164648,3314129929,8.96
5927164648,685372703,30.93
685372703,5927164648,30.93
685372703,3314130057,4.27
3314130057,685372703,4.27
3314130057,3314130070,3.53
3314130070,3314130057,3.53
3314130070,5922477528,22.91
5922477528,3314130070,22.91
5922477528,1841951468,27.88
1841951468,5922477528,27.88
1841951468,5931736809,4.28
5931736809,1841951468,4.28
5931736809,685372724,38.27
685372724,5931736809,38.27
685372724,4539321428,21.83
4539321428,685372724,21.83
4539321428,7090725021,2.05
7090725021,4539321428,2.05
7090725021,725871905,5.65
725871905,7090725021,5.65
1841779092,3314127560,76.11
3314127560,1841779092,76.11
5050638698,3738764478,10.72
3738764478,5050638698,10.72
3738764478,5050638706,10.72
5050638706,3738764478,10.72
5050638698,5050638709,10.14
5050638709,5050638698,10.14
5050638709,5767451825,8.87
5767451825,5050638709,8.87
5767451825,4893255737,9.70
4893255737,5767451825,9.70
5767451809,5767451808,10.00
5767451808,5767451809,10.00
5767451808,13143806633,32.88
13143806633,5767451808,32.88
13143806633,5767451807,27.14
5767451807,13143806633,27.14
5207921210,5075274806,32.65
5075274806,5207921210,32.65
5767451766,3975533452,4.97
3975533452,5767451766,4.97
3975533452,3975533450,7.10
3975533450,3975533452,7.10
3975533450,5169892651,8.86
5169892651,3975533450,8.86
5767451794,5767451793,2.94
5767451793,5767451794,2.94
5767451793,5767451792,2.10
5767451792,5767451793,2.10
5767451792,5767451791,3.98
5767451791,5767451792,3.98
5767451791,5767451790,5.81
5767451790,5767451791,5.81
5767451790,5767451789,5.13
5767451789,5767451790,5.13
5767451789,5767451788,4.06
5767451788,5767451789,4.06
5767451788,5767451787,5.55
5767451787,5767451788,5.55
5767451787,5767451786,3.23
5767451786,5767451787,3.23
5767451786,5767451785,3.12
5767451785,5767451786,3.12
5767451785,5767451784,3.26
5767451784,5767451785,3.26
5767451784,5767451783,4.77
5767451783,5767451784,4.77
5767451783,5767451782,4.10
5767451782,5767451783,4.10
5767451782,5767451776,3.45
5767451776,5767451782,3.45
4891796159,3765119880,41.91
3765119880,725871897,6.05
5208133625,4531679697,1.59
4531679697,5208133625,1.59
4531679697,5208133629,3.86
5208133629,4531679697,3.86
5208133629,4531679701,2.36
4531679701,5208133629,2.36
3738789759,3738789761,24.57
3738789761,3738789759,24.57
3738789761,5928717075,2.06
5928717075,3738789761,2.06
5928717075,3738789758,26.92
3738789758,5928717075,26.92
5208133634,3311799136,24.47
5208133637,5208133636,23.29
5208133636,5208133637,23.29
5208133636,5208133633,3.44
5208133633,5208133636,3.44
5208133633,5208133634,2.33
5208133634,5208133633,2.33
5208133642,3989924535,25.81
5208133644,5208133643,1.93
5208133643,5208133644,1.93
5208133643,5208133642,4.22
5208133642,5208133643,4.22
3311799135,5208133657,22.85
5208133654,5208133655,30.19
5208133655,5208133654,30.19
5208133655,5208133656,3.02
5208133656,5208133655,3.02
5208133656,5208133653,3.48
5208133653,5208133656,3.48
5208133653,5208133652,3.90
5208133652,5208133653,3.90
5208133652,5208133657,3.43
5208133657,5208133652,3.43
5928594396,5928594397,2.79
5928594397,5928594396,2.79
5928594397,5928594398,1.98
5928594398,5928594397,1.98
5928594398,5928594399,2.24
5928594399,5928594398,2.24
5928594399,5928594400,4.03
5928594400,5928594399,4.03
5928594400,3311798385,5.82
3311798385,5928594400,5.82
3311798385,5928594401,2.90
5928594401,3311798385,2.90
5928594401,5928596371,3.47
5928596371,5928594401,3.47
5928596371,3311798237,5.47
3311798237,5928596371,5.47
3311798237,4713028392,8.96
4713028392,3311798237,8.96
3408954073,5569971738,4.16
5569971738,3408954073,4.16
5569971738,283588108,30.33
283588108,5569971738,30.33
5569971736,5780851537,4.31
5780851537,5569971736,4.31
5780851537,4524762159,4.71
4524762159,5780851537,4.71
5569971739,7106723592,18.71
7106723592,5569971739,18.71
7106723592,5569971740,2.38
5569971740,7106723592,2.38
5569972552,7106723714,19.12
7106723714,5569972552,19.12
7106723714,5569972553,5.15
5569972553,7106723714,5.15
5569972555,5569972552,36.30
5569972552,5569972555,36.30
5569972552,7106723702,69.76
7106723702,5569972552,69.76
7106723702,5569972554,4.46
5569972554,7106723702,4.46
3208852904,5190437767,8.27
1877241888,4000891410,32.28
4000891410,1877241888,32.28
894116005,3250914287,3.18
3250914287,894116005,3.18
3250914287,3250914289,3.18
3250914289,3250914287,3.18
3250914289,3250914291,3.18
3250914291,3250914289,3.18
3250914291,3250914290,3.18
3250914290,3250914291,3.18
3250914290,3250914288,3.18
3250914288,3250914290,3.18
3250914288,894116007,3.18
894116007,3250914288,3.18
3208853071,3311800236,92.42
3311800236,3208853080,61.93
3208853080,6868419832,72.15
6868419832,6868419831,25.95
6868419831,3208853083,21.71
3208853083,4539610327,12.18
4539610327,7099591989,83.34
7099591989,3324838392,7.88
3324838392,3208853085,14.41
3208853085,3408790380,15.66
3408790380,1487294566,8.49
2418334818,1853057297,7.81
1853057297,2418334818,7.81
1853057297,894186607,7.82
894186607,1853057297,7.82
894186607,1768843007,7.81
1768843007,894186607,7.81
1768843007,5765356374,7.81
5765356374,1768843007,7.81
5765356374,2086006961,6.80
2086006961,5765356374,6.80
2086006961,1841779083,6.81
1841779083,2086006961,6.81
1841779083,6873831270,5.33
6873831270,1841779083,5.33
6873831270,2418334814,5.32
2418334814,6873831270,5.32
2418334814,6873831271,5.34
6873831271,2418334814,5.34
6873831271,2418334811,5.32
2418334811,6873831271,5.32
2418334811,6873831272,5.33
6873831272,2418334811,5.33
6873831272,1841779082,5.32
1841779082,6873831272,5.32
1841779082,894186604,1.77
894186604,1841779082,1.77
894186604,3208852910,5.97
3208852910,894186604,5.97
3208852910,6873831273,6.44
6873831273,3208852910,6.44
6873831273,1768842996,6.45
1768842996,6873831273,6.45
1768842996,6873831274,6.44
6873831274,1768842996,6.44
6873831274,2086006960,6.45
2086006960,6873831274,6.45
2086006960,6873831275,6.45
6873831275,2086006960,6.45
6873831275,1853057284,6.45
1853057284,6873831275,6.45
1853057284,6873831276,6.07
6873831276,1853057284,6.07
6873831276,2418334813,6.08
2418334813,6873831276,6.08
2418334813,6873831277,6.07
6873831277,2418334813,6.07
6873831277,1768843004,6.08
1768843004,6873831277,6.08
1768843004,6873831278,6.08
6873831278,1768843004,6.08
6873831278,1853057294,6.08
1853057294,6873831278,6.08
1853057294,6873831279,5.18
6873831279,1853057294,5.18
6873831279,3253478159,5.17
3253478159,6873831279,5.17
3253478159,6873831280,5.17
6873831280,3253478159,5.17
6873831280,2418334818,5.18
2418334818,6873831280,5.18
3723809843,5763141491,8.65
5763141491,3723809843,8.65
5763141491,5761683590,7.93
5761683590,5763141491,7.93
5761683594,6126268350,5.59
6126268350,5761683594,5.59
6126268350,5761683595,5.09
5761683595,6126268350,5.09
5761683595,6126268349,4.28
6126268349,5761683595,4.28
6126268349,5761683596,6.99
5761683596,6126268349,6.99
5761683596,5761683597,10.38
5761683597,5761683596,10.38
5761683597,6126268348,5.61
6126268348,5761683597,5.61
6126268348,5761683598,4.34
5761683598,6126268348,4.34
5761683598,5761683599,6.28
5761683599,5761683598,6.28
5761683599,5761683600,7.36
5761683600,5761683599,7.36
5761683601,5761683602,3.56
5761683602,5761683601,3.56
5761683602,5938815802,2.23
5938815802,5761683602,2.23
5938815802,5761683603,3.55
5761683603,5938815802,3.55
5761683603,5761683604,5.84
5761683604,5761683603,5.84
5761683605,5761683606,5.54
5761683606,5761683605,5.54
5761683606,5761683609,35.69
5761683609,5761683606,35.69
5761683621,5761683622,2.26
5761683622,5761683621,2.26
5761683622,5761683623,3.27
5761683623,5761683622,3.27
5761683623,5761683624,4.25
5761683624,5761683623,4.25
5761683624,5761683625,10.24
5761683625,5761683624,10.24
5761683625,5761683626,17.65
5761683626,5761683625,17.65
5761683626,3208853077,21.59
3208853077,5761683626,21.59
5761683516,5761683515,14.81
5761683515,5761683516,14.81
5761683515,5761683514,5.57
5761683514,5761683515,5.57
5761683514,5761683513,5.27
5761683513,5761683514,5.27
5761683513,5761683512,4.92
5761683512,5761683513,4.92
5761683512,5761683628,6.66
5761683628,5761683512,6.66
5761683628,5761683627,9.24
5761683627,5761683628,9.24
5761683627,1841779114,10.41
1841779114,5761683627,10.41
5761683524,5761683523,16.31
5761683523,5761683524,16.31
5761683523,6126268334,3.58
6126268334,5761683523,3.58
6126268334,5761683522,4.54
5761683522,6126268334,4.54
5761683522,5761683521,11.41
5761683521,5761683522,11.41
5761683521,5761683520,10.74
5761683520,5761683521,10.74
5761683520,5761683519,7.96
5761683519,5761683520,7.96
5761683519,5761683518,5.07
5761683518,5761683519,5.07
5761683518,5761683517,11.34
5761683517,5761683518,11.34
5761683517,1841779114,6.15
1841779114,5761683517,6.15
5761683527,5761683526,11.37
5761683526,5761683527,11.37
5761683526,5761683525,16.63
5761683525,5761683526,16.63
5761683531,5761683530,12.89
5761683530,5761683531,12.89
5761683530,5761683529,7.03
5761683529,5761683530,7.03
5761683529,5761683528,5.89
5761683528,5761683529,5.89
5761683528,5761683532,34.24
5761683532,5761683528,34.24
1841779100,5761683533,7.60
5761683533,1841779100,7.60
5761683533,3315853499,16.21
3315853499,5761683533,16.21
5761683542,5761683543,30.98
5761683543,5761683542,30.98
5761683543,5761683544,20.89
5761683544,5761683543,20.89
5826988883,5826988884,3.49
5826988884,5826988883,3.49
5826988884,5826988885,2.36
5826988885,5826988884,2.36
5826988885,5763141489,3.59
5763141489,5826988885,3.59
5763141489,5763141490,21.80
5763141490,5763141489,21.80
1841951509,5761683583,11.09
5761683583,1841951509,11.09
5761683583,410109085,99.38
410109085,5761683583,99.38
3690557330,3690554413,31.95
3690554413,3690557330,31.95
5765355886,5765355885,7.91
5765355885,5765355886,7.91
5765355885,3690554411,5.61
3690554411,5765355885,5.61
5765355887,3690557327,1.30
3690557327,5765355887,1.30
5765355894,5765355891,18.13
5765355891,5765355894,18.13
5765355891,5765355890,13.54
5765355890,5765355891,13.54
5765355890,5765355889,2.95
5765355889,5765355890,2.95
5765355889,5765355887,7.35
5765355887,5765355889,7.35
5765355887,5765355888,10.87
5765355888,5765355887,10.87
5765355892,5765355894,4.95
5765355894,5765355892,4.95
5765355894,5765355893,6.81
5765355893,5765355894,6.81
5765355893,3690554424,3.47
3690554424,5765355893,3.47
3690557326,5765355892,2.86
5765355892,3690557326,2.86
5765355902,5765355901,9.79
5765355901,5765355902,9.79
5765355901,5765355900,7.95
5765355900,5765355901,7.95
5765355900,5765355899,7.99
5765355899,5765355900,7.99
5765355899,5765355895,5.87
5765355895,5765355899,5.87
5765355895,5765355898,1.65
5765355898,5765355895,1.65
5765355898,5765355897,8.21
5765355897,5765355898,8.21
5765355897,5765355896,4.14
5765355896,5765355897,4.14
5765355896,5052276997,5.55
5052276997,5765355896,5.55
5052276993,3738764484,9.05
3738764484,5052276993,9.05
3738764484,3738764482,6.82
3738764482,3738764484,6.82
3738764482,5052276994,8.75
5052276994,3738764482,8.75
5169896595,3738764490,9.16
3738764490,5169896595,9.16
3738764490,3738764491,8.80
3738764491,3738764490,8.80
3738764491,5169896596,5.88
5169896596,3738764491,5.88
5765355919,5765355920,9.80
5765355920,5765355919,9.80
5765355920,5765355918,19.11
5765355918,5765355920,19.11
5765355918,5765355921,3.10
5765355921,5765355918,3.10
5765355921,5765355922,5.78
5765355922,5765355921,5.78
5765355924,5765355923,20.13
5765355923,5765355924,20.13
5765355923,5765355925,3.64
5765355925,5765355923,3.64
5765355925,5765355926,5.65
5765355926,5765355925,5.65
5765355930,5765355931,11.21
5765355931,5765355930,11.21
5765355931,5765355932,7.43
5765355932,5765355931,7.43
5765355932,5765355929,17.98
5765355929,5765355932,17.98
5765355929,5765355933,2.70
5765355933,5765355929,2.70
5765355933,7106699983,5.27
7106699983,5765355933,5.27
7106699983,7106723489,7.09
7106723489,7106699983,7.09
5765357130,3208852937,6.39
3208852937,5765357130,6.39
5765357133,3208852935,25.20
3208852935,5765357133,25.20
3208852935,5765357130,17.97
5765357130,3208852935,17.97
3208852937,1841779095,22.44
1841779095,3208852937,22.44
3738764479,3250913838,14.01
3250913838,3738764479,14.01
3250913838,899050475,12.47
899050475,3250913838,12.47
5765356367,5767451957,4.62
5767451957,5765356367,4.62
5767451957,5765374670,1.39
5765374670,5767451957,1.39
5765374670,5765356368,6.12
5765356368,5765374670,6.12
3408957657,3738764477,13.71
5765356371,2418334807,4.83
5765356372,7106723649,96.15
7106723649,13247101044,3.52
13247101044,7106723598,5.07
13247101045,7106723650,4.21
7106723650,6868465044,57.98
6868465044,5765356373,26.76
5765356373,3738764490,17.41
3738764490,2418334815,7.03
2418334817,3738764491,4.18
3738764491,5765356372,4.99
3208852917,3410786184,23.17
3410786184,3208852917,23.17
1841779095,3208852939,15.08
3208852939,1841779095,15.08
3208852939,873829008,15.46
873829008,3208852939,15.46
873829008,5938816352,10.78
5938816352,873829008,10.78
5938816352,5761683609,12.48
5761683609,5938816352,12.48
5765363766,5765363767,7.81
5765363767,5765363766,7.81
5765363767,7106723661,1.84
7106723661,5765363767,1.84
7106723661,5765363768,5.29
5765363768,7106723661,5.29
5765374664,5765374663,32.80
5765374663,5765374664,32.80
5765374663,5765374662,2.88
5765374662,5765374663,2.88
5765374662,5765374661,3.73
5765374661,5765374662,3.73
5765374661,4889316325,5.17
4889316325,5765374661,5.17
5765374669,11203433772,1.09
11203433772,5765374669,1.09
11203433772,5767451954,1.24
5767451954,11203433772,1.24
5767451954,5765374668,6.08
5765374668,5767451954,6.08
5765374668,5765374667,6.73
5765374667,5765374668,6.73
5765374667,5765374666,12.48
5765374666,5765374667,12.48
5765374666,5765374665,2.77
5765374665,5765374666,2.77
5765356366,5765356367,12.24
5765356367,5765356366,12.24
7090725080,7090725081,3.61
7090725081,7090725080,3.61
7090725081,7090725082,10.45
7090725082,7090725081,10.45
7090725082,7090725083,4.54
7090725083,7090725082,4.54
7090725083,7090725084,6.31
7090725084,7090725083,6.31
7090725084,7090751285,7.48
7090751285,7090725084,7.48
7090751285,7090751286,2.95
7090751286,7090751285,2.95
7090751286,7090751287,3.05
7090751287,7090751286,3.05
7090751287,7090751288,4.20
7090751288,7090751287,4.20
7090751288,7090751289,8.04
7090751289,7090751288,8.04
7090751289,7090751290,5.21
7090751290,7090751289,5.21
7090751290,7090751291,5.59
7090751291,7090751290,5.59
7090751291,7090751292,4.78
7090751292,7090751291,4.78
7090751292,7090751293,4.65
7090751293,7090751292,4.65
7090751293,7090751294,23.16
7090751294,7090751293,23.16
7090751294,5208133629,3.85
5208133629,7090751294,3.85
5208133629,7090751295,2.94
7090751295,5208133629,2.94
7090751295,7090751296,47.92
7090751296,7090751295,47.92
7090751296,5208133628,39.50
5208133628,7090751296,39.50
5208133628,5767451730,6.37
5767451730,5208133628,6.37
5767451730,5767451729,28.58
5767451729,5767451730,28.58
5767451729,5767451731,30.43
5767451731,5767451729,30.43
5767451731,5767451732,12.78
5767451732,5767451731,12.78
5767451732,5767451733,10.02
5767451733,5767451732,10.02
5767451733,5767451694,5.68
5767451694,5767451733,5.68
5767451694,5767451734,4.80
5767451734,5767451694,4.80
5767451734,5767451735,18.96
5767451735,5767451734,18.96
5767451735,5767451736,20.18
5767451736,5767451735,20.18
5767451736,5767451737,26.91
5767451737,5767451736,26.91
5767451737,5767451738,18.45
5767451738,5767451737,18.45
5767451729,3738789760,4.67
3738789760,5767451729,4.67
3738789760,5767451728,3.80
5767451728,3738789760,3.80
5767451758,5767451774,26.04
5767451774,5767451758,26.04
5767451774,5767451773,33.95
5767451773,5767451774,33.95
5767451773,5767451775,4.90
5767451775,5767451773,4.90
5767451775,5767451772,5.88
5767451772,5767451775,5.88
5767451759,5767451765,10.18
5767451765,5767451759,10.18
5767451765,5767451764,48.14
5767451764,5767451765,48.14
5767451764,5767451763,30.71
5767451763,5767451764,30.71
5767451766,3738789754,6.57
3738789754,5767451766,6.57
3738789754,5767451759,3.75
5767451759,3738789754,3.75
5767451762,5767451761,81.38
5767451761,5767451762,81.38
5767451763,5767451640,4.61
5767451640,5767451763,4.61
5767451640,5767451762,4.88
5767451762,5767451640,4.88
5767451760,5767451794,83.22
5767451794,5767451760,83.22
5767451761,3738789744,6.51
3738789744,5767451761,6.51
3738789744,5767451760,4.27
5767451760,3738789744,4.27
5767451796,3738764492,5.99
3738764492,5767451796,5.99
3738764492,3738764493,9.28
3738764493,3738764492,9.28
3738764493,5767451794,5.36
5767451794,3738764493,5.36
5767451806,5052277000,38.10
5052277000,5767451806,38.10
5052277000,5052277001,11.67
5052277001,5052277000,11.67
5052277001,5767451805,2.29
5767451805,5052277001,2.29
5767451805,5928596375,1.36
5928596375,5767451805,1.36
5928596375,5767451804,1.32
5767451804,5928596375,1.32
5767451804,5767451803,3.28
5767451803,5767451804,3.28
5767451803,5767451802,14.65
5767451802,5767451803,14.65
5767451802,5767451801,5.22
5767451801,5767451802,5.22
5767451801,5767451800,5.26
5767451800,5767451801,5.26
5767451800,5767451799,5.49
5767451799,5767451800,5.49
5767451799,5767451798,6.08
5767451798,5767451799,6.08
5767451798,5767451797,6.49
5767451797,5767451798,6.49
5767451797,7090751347,3.84
7090751347,5767451797,3.84
7090751347,5767451796,2.22
5767451796,7090751347,2.22
5767451780,5767451779,20.19
5767451779,5767451780,20.19
5767451779,5767451778,3.49
5767451778,5767451779,3.49
5767451778,5767451777,1.65
5767451777,5767451778,1.65
5767451777,5169896596,3.27
5169896596,5767451777,3.27
5767451776,5767451781,4.60
5767451781,5767451776,4.60
5767451781,5767451780,7.35
5767451780,5767451781,7.35
5767451807,3738764483,4.93
3738764483,5767451807,4.93
3738764483,5767451806,4.43
5767451806,3738764483,4.43
5767451843,3738764479,8.62
3738764479,5767451843,8.62
3738764479,5767451808,9.20
5767451808,3738764479,9.20
5767451810,5208132192,2.26
5208132192,5767451810,2.26
5208132192,5767451809,3.47
5767451809,5208132192,3.47
5050638708,5767451810,10.11
5767451810,5050638708,10.11
5767451811,5050638708,3.63
5050638708,5767451811,3.63
5767451812,5050638707,3.67
5050638707,5767451812,3.67
5050638707,5767451811,3.34
5767451811,5050638707,3.34
5767451836,5767451824,12.28
5767451824,5767451836,12.28
5767451824,5767451823,26.16
5767451823,5767451824,26.16
5767451823,5767451822,54.60
5767451822,5767451823,54.60
5767451822,5767451821,11.90
5767451821,5767451822,11.90
5767451821,5190437763,7.38
5190437763,5767451821,7.38
5190437763,4893255743,37.96
4893255743,5190437763,37.96
4893255743,5767451820,96.56
5767451820,4893255743,96.56
5767451820,2089209623,10.12
2089209623,5767451820,10.12
5767451838,3738764477,8.65
3738764477,5767451838,8.65
3738764477,5767451837,6.71
5767451837,3738764477,6.71
5767451848,5767451838,2.53
5767451838,5767451848,2.53
5767451829,4893255739,6.11
4893255739,5767451829,6.11
4893255739,5767451825,4.05
5767451825,4893255739,4.05
5767451837,5767451836,1.76
5767451836,5767451837,1.76
5767451836,5767451835,2.74
5767451835,5767451836,2.74
5767451835,5767451834,2.75
5767451834,5767451835,2.75
5767451834,5767451833,1.90
5767451833,5767451834,1.90
5767451833,5767451832,2.41
5767451832,5767451833,2.41
5767451832,5767451831,3.00
5767451831,5767451832,3.00
5767451831,5767451830,3.31
5767451830,5767451831,3.31
5767451830,5767451829,2.95
5767451829,5767451830,2.95
5767451829,5767451828,4.06
5767451828,5767451829,4.06
5767451828,5767451827,5.79
5767451827,5767451828,5.79
5767451827,5767451826,2.75
5767451826,5767451827,2.75
5767451826,5767451813,3.71
5767451813,5767451826,3.71
5767451839,5767451846,4.09
5767451846,5767451839,4.09
5767451846,5767451845,3.23
5767451845,5767451846,3.23
5767451845,5767451844,2.36
5767451844,5767451845,2.36
5767451844,5767451843,1.61
5767451843,5767451844,1.61
5767451843,5767451842,9.03
5767451842,5767451843,9.03
5767451842,5767451841,87.55
5767451841,5767451842,87.55
5767451847,4893255740,5.17
4893255740,5767451847,5.17
4893255740,5767451839,2.03
5767451839,4893255740,2.03
5767451840,5052276999,2.61
5052276999,5767451840,2.61
5052276999,5361226668,3.62
5361226668,5052276999,3.62
5361226668,5052276998,9.78
5052276998,5361226668,9.78
5052276998,5052276997,7.41
5052276997,5052276998,7.41
5052276997,5052276996,33.61
5052276996,5052276997,33.61
5052276996,5052276995,6.73
5052276995,5052276996,6.73
5052276995,5765355902,11.67
5765355902,5052276995,11.67
5765355902,5052276994,5.87
5052276994,5765355902,5.87
5052276994,5190437766,12.12
5190437766,5052276994,12.12
5190437766,5765355903,11.41
5765355903,5190437766,11.41
5765355903,5765355904,5.53
5765355904,5765355903,5.53
5765355904,5765355905,9.15
5765355905,5765355904,9.15
5765355905,5765355906,4.42
5765355906,5765355905,4.42
5765355906,5767451611,20.11
5767451611,5765355906,20.11
5767451841,3774830564,2.15
3774830564,5767451841,2.15
3774830564,5767451840,6.46
5767451840,3774830564,6.46
5052276999,3738764486,8.89
3738764486,5052276999,8.89
3738764486,5052277000,8.04
5052277000,3738764486,8.04
5765355907,5767451610,19.93
5767451610,5765355907,19.93
5767451610,5767451966,50.22
5767451966,5767451610,50.22
5767451966,5169898032,37.99
5169898032,5767451966,37.99
5169898032,5767451965,5.03
5767451965,5169898032,5.03
5767451965,5767451964,5.03
5767451964,5767451965,5.03
5767451964,5767451963,5.92
5767451963,5767451964,5.92
5767451963,5767451962,5.63
5767451962,5767451963,5.63
5767451962,5767451961,4.01
5767451961,5767451962,4.01
5767451961,9146294236,3.39
9146294236,5767451961,3.39
9146294236,5767451960,4.75
5767451960,9146294236,4.75
5767451960,5767451959,18.08
5767451959,5767451960,18.08
5767451959,4893255741,34.13
4893255741,5767451959,34.13
4893255741,4893255828,51.02
4893255828,4893255741,51.02
4893255828,5767451958,43.65
5767451958,4893255828,43.65
5767451958,5767451957,3.90
5767451957,5767451958,3.90
5767451957,5767451956,10.91
5767451956,5767451957,10.91
5767451956,5767451955,14.07
5767451955,5767451956,14.07
5767451955,5767451954,7.48
5767451954,5767451955,7.48
5767451954,5767451953,4.86
5767451953,5767451954,4.86
5767451953,5767451852,6.13
5767451852,5767451953,6.13
5767451852,5767451814,23.77
5767451814,5767451852,23.77
5767451814,5767451850,16.81
5767451850,5767451814,16.81
5767451850,5767451849,19.93
5767451849,5767451850,19.93
5767451849,5767451848,7.85
5767451848,5767451849,7.85
5767451848,5767451847,3.80
5767451847,5767451848,3.80
5765355907,4893255829,7.17
4893255829,5765355907,7.17
4893255829,5767451611,4.61
5767451611,4893255829,4.61
5765355908,3757875584,5.87
3757875584,5765355908,5.87
3757875584,3757875583,8.35
3757875583,3757875584,8.35
3757875583,5765355907,8.43
5765355907,3757875583,8.43
5767451772,5767451771,28.98
5767451771,5767451772,28.98
5767451771,5767451770,26.41
5767451770,5767451771,26.41
5767451770,5767451769,15.00
5767451769,5767451770,15.00
5767451769,5767451768,9.22
5767451768,5767451769,9.22
5767451768,5767451767,12.88
5767451767,5767451768,12.88
5767451767,5767451766,12.88
5767451766,5767451767,12.88
5767451642,5767451641,48.08
5767451641,5767451642,48.08
5767451644,5767451643,9.43
5767451643,5767451644,9.43
5767451643,5767451647,23.81
5767451647,5767451643,23.81
5767451647,5938817065,9.92
5938817065,5767451647,9.92
5938817065,5938817064,5.79
5938817064,5938817065,5.79
5938817064,5767451642,7.24
5767451642,5938817064,7.24
5767452055,5938817905,5.85
5938817905,5767452055,5.85
5938817905,5767452054,11.38
5767452054,5938817905,11.38
5767452054,5767452053,7.41
5767452053,5767452054,7.41
5767452053,5767451652,6.31
5767451652,5767452053,6.31
5780851523,5780851524,8.54
5780851524,5780851523,8.54
5780851524,5780851525,6.02
5780851525,5780851524,6.02
5780851525,5780851526,5.15
5780851526,5780851525,5.15
5780851526,5780851527,3.91
5780851527,5780851526,3.91
5780851527,5780851528,5.17
5780851528,5780851527,5.17
5780851528,5780851529,5.39
5780851529,5780851528,5.39
5780851529,5780851530,8.29
5780851530,5780851529,8.29
5780851530,5780851531,4.86
5780851531,5780851530,4.86
5780851534,5780851533,12.01
5780851533,5780851534,12.01
662396448,3397396018,93.87
3397396018,5569972554,20.98
5780893663,5780893661,28.46
5780893661,5780893663,28.46
5780893661,5780893662,1.58
5780893662,5780893661,1.58
5780893662,5780893664,5.78
5780893664,5780893662,5.78
5783446840,5783446841,4.51
5783446841,5783446840,4.51
5783446839,5783446840,16.38
5783446840,5783446839,16.38
5826988881,5826988880,7.69
5826988880,5826988881,7.69
5826988880,5761683592,10.08
5761683592,5826988880,10.08
5826988886,5826988887,7.90
5826988887,5826988886,7.90
5826988887,5826988888,11.13
5826988888,5826988887,11.13
5826988888,5826988889,7.96
5826988889,5826988888,7.96
4751161312,3408957667,8.49
3408957667,4751161311,94.85
3408954073,3774830564,9.40
3774830564,4751161312,3.01
3879011336,4539321697,1.92
4539321697,3879011336,1.92
4539321697,4539321702,2.37
4539321702,4539321697,2.37
5894579368,3368091375,6.08
3368091375,5894579368,6.08
3368091375,3368091374,12.02
3368091374,3368091375,12.02
5894579369,5894579368,5.81
5894579368,5894579369,5.81
4889316325,5767451852,1.82
5767451852,4889316325,1.82
5767451852,5765374668,4.75
5765374668,5767451852,4.75
5922477536,5922477535,5.66
5922477535,5922477536,5.66
5922477535,5922477534,2.73
5922477534,5922477535,2.73
5922477534,5922477533,3.50
5922477533,5922477534,3.50
5922477533,5922477532,6.16
5922477532,5922477533,6.16
5922477532,5922477531,9.15
5922477531,5922477532,9.15
5922477531,5922477530,13.21
5922477530,5922477531,13.21
5922477530,5922477529,10.64
5922477529,5922477530,10.64
5922477529,1841951468,5.06
1841951468,5922477529,5.06
1877241901,5926822050,7.03
5926822050,1877241901,7.03
5926822050,1877241899,2.16
1877241899,5926822050,2.16
1877241899,3324836595,3.23
3324836595,1877241899,3.23
3324836595,1877241896,3.04
1877241896,3324836595,3.04
5926822051,5926822052,5.97
5926822052,5926822051,5.97
5926822052,5926822053,10.98
5926822053,5926822052,10.98
5926822053,5926822054,10.07
5926822054,5926822053,10.07
5926822054,5926822056,5.16
5926822056,5926822054,5.16
5926828801,5926828802,6.70
5926828802,5926828801,6.70
5926828802,5926828803,8.60
5926828803,5926828802,8.60
5926828803,5926828804,5.60
5926828804,5926828803,5.60
5926828804,5926828805,3.60
5926828805,5926828804,3.60
5926828805,5926828806,2.59
5926828806,5926828805,2.59
5926828806,5926828807,4.40
5926828807,5926828806,4.40
5926828807,5926828808,2.65
5926828808,5926828807,2.65
5926828808,5926828809,2.47
5926828809,5926828808,2.47
5926828809,5926822040,0.98
5926822040,5926828809,0.98
4751189350,3207730689,5.44
3207730689,4751189350,5.44
4751189362,2418355562,7.56
2418355562,4751189362,7.56
5928595910,5928595909,17.41
5928595909,5928595910,17.41
5928595909,3757875574,21.23
3757875574,5928595909,21.23
5928595923,5928595922,10.32
5928595922,5928595923,10.32
5928595922,5928595888,5.08
5928595888,5928595922,5.08
5928595888,5928595921,4.04
5928595921,5928595888,4.04
5928595921,5928595920,17.98
5928595920,5928595921,17.98
5928595920,5928595919,14.03
5928595919,5928595920,14.03
5928595919,5928595918,3.09
5928595918,5928595919,3.09
5928595918,12942568738,22.57
12942568738,5928595918,22.57
3877878369,4531789988,1.75
4531789988,3877878369,1.75
4531789988,3989924535,4.36
3989924535,4531789988,4.36
5928596227,5939842464,3.08
5939842464,5928596227,3.08
5939842464,5928596226,12.46
5928596226,5939842464,12.46
5928596233,7090725019,1.64
7090725019,5928596233,1.64
7090725019,5928596234,3.81
5928596234,7090725019,3.81
5928596232,5928596233,20.89
5928596233,5928596232,20.89
5928596262,5928596263,2.72
5928596263,5928596262,2.72
5928596263,5928596264,3.67
5928596264,5928596263,3.67
5928596264,5928596265,3.59
5928596265,5928596264,3.59
5928596265,5928596266,4.01
5928596266,5928596265,4.01
5928596266,5928596267,2.19
5928596267,5928596266,2.19
5928596267,5928596268,3.84
5928596268,5928596267,3.84
5928596268,5928596269,4.76
5928596269,5928596268,4.76
5208133645,5208133644,34.14
5208133644,5208133645,34.14
5928717073,5928717074,19.34
5928717074,5928717073,19.34
5928717074,5928717075,3.63
5928717075,5928717074,3.63
5928717076,5928717074,46.42
5928717074,5928717076,46.42
5928717898,5928717899,14.22
5928717899,5928717898,14.22
4531763308,4531763309,5.34
4531763309,4531763308,5.34
4531763309,5928717898,2.88
5928717898,4531763309,2.88
3311798983,5928717933,17.15
5928717933,3311798983,17.15
5928717933,3311799033,1.43
3311799033,5928717933,1.43
3311799033,3738789746,32.04
3738789746,3311799033,32.04
3738789746,3738789747,3.59
3738789747,3738789746,3.59
3738789747,3311799137,6.11
3311799137,3738789747,6.11
5928717934,5928717933,11.18
5928717933,5928717934,11.18
5928717936,3311799327,9.46
3311799327,5928717936,9.46
5928717935,5928717936,20.19
5928717936,5928717935,20.19
3311799322,3738789749,5.43
3738789749,3311799322,5.43
3738789749,3738789748,4.92
3738789748,3738789749,4.92
3738789748,3311799126,35.56
3311799126,3738789748,35.56
4531789977,5208133659,4.58
5208133659,4531789977,4.58
5208133659,4531789985,3.75
4531789985,5208133659,3.75
3774830570,5208133658,5.64
5208133658,3774830570,5.64
5208133658,3311799135,3.29
3311799135,5208133658,3.29
3311799520,3738789753,9.04
3738789753,3311799520,9.04
3738789753,3738789752,3.69
3738789752,3738789753,3.69
3738789752,3311799399,38.66
3311799399,3738789752,38.66
3311799399,3311799457,19.64
3311799457,3311799399,19.64
3311799457,3311799474,13.06
3311799474,3311799457,13.06
5928717937,5928717938,15.14
5928717938,5928717937,15.14
5928717938,3311799474,10.21
3311799474,5928717938,10.21
3311799555,3311799505,22.43
3311799505,3311799555,22.43
3311799505,5928717939,6.75
5928717939,3311799505,6.75
5928717939,3311799474,7.54
3311799474,5928717939,7.54
1843284179,5931297560,10.16
5931297560,1843284179,10.16
5931297560,5931297559,2.27
5931297559,5931297560,2.27
5931297559,616450336,2.26
616450336,5931297559,2.26
616450336,3314127013,28.22
3314127013,616450336,28.22
3314127013,3314127311,19.32
3314127311,3314127013,19.32
3314127311,5931297713,11.36
5931297713,3314127311,11.36
5931297713,685372623,7.85
685372623,5931297713,7.85
685372623,940349294,5.85
940349294,685372623,5.85
905084951,3207730622,39.72
3207730622,905084951,39.72
3207730622,3758769556,34.08
3758769556,3207730622,34.08
3758769556,5208132198,5.70
5208132198,3758769556,5.70
5208132198,905084949,2.13
905084949,5208132198,2.13
5931736655,4539321429,1.34
4539321429,5931736655,1.34
4539321429,7104218071,1.36
7104218071,4539321429,1.36
7104218071,4539321433,4.97
4539321433,7104218071,4.97
5931736657,5931736656,7.91
5931736656,5931736657,7.91
5931736656,5931736655,6.08
5931736655,5931736656,6.08
5938810782,5938810781,19.82
5938810781,5938810782,19.82
5938816355,5938816354,11.15
5938816354,5938816355,11.15
5938816354,5938816352,15.47
5938816352,5938816354,15.47
3408790319,3408790324,41.17
3408790324,3408790319,41.17
3408790329,3408790326,28.40
3408790326,3408790329,28.40
3408790326,5938816908,31.56
5938816908,3408790326,31.56
5938816908,5938816909,21.57
5938816909,5938816908,21.57
5938816909,5938816906,7.66
5938816906,5938816909,7.66
5938816906,3408790324,5.56
3408790324,5938816906,5.56
3408790308,3408790310,10.74
3408790310,3408790308,10.74
3408790310,3408790312,14.19
3408790312,3408790310,14.19
5767451642,5767451650,13.05
5767451650,5767451642,13.05
5767451650,5767451640,4.62
5767451640,5767451650,4.62
5767451640,5767451651,7.04
5767451651,5767451640,7.04
5767451645,5767451646,28.55
5767451646,5767451645,28.55
5767451646,5767451647,28.64
5767451647,5767451646,28.64
7090751342,7090751343,25.08
7090751343,7090751342,25.08
7090751343,5928596240,5.50
5928596240,7090751343,5.50
5928596240,7039683512,8.99
7039683512,5928596240,8.99
7039683512,7039683511,26.73
7039683511,7039683512,26.73
7039683511,7039683510,2.83
7039683510,7039683511,2.83
7039683510,7039683509,3.30
7039683509,7039683510,3.30
7039683509,7039683508,40.02
7039683508,7039683509,40.02
7039683508,3738789747,39.80
3738789747,7039683508,39.80
3738789747,3738789749,35.62
3738789749,3738789747,35.62
3738789749,7039683505,37.65
7039683505,3738789749,37.65
7039683505,5169892651,35.65
5169892651,7039683505,35.65
5169892651,3738789753,2.38
3738789753,5169892651,2.38
3738789753,7039683507,66.29
7039683507,3738789753,66.29
7039683507,7039683504,5.45
7039683504,7039683507,5.45
7039683504,7039683503,6.60
7039683503,7039683504,6.60
7039683503,5767451728,20.66
5767451728,7039683503,20.66
5767451728,7039683502,34.77
7039683502,5767451728,34.77
7039683502,7090751314,23.64
7090751314,7039683502,23.64
7090751314,7090751313,11.60
7090751313,7090751314,11.60
7039683510,3738789743,4.66
3738789743,7039683510,4.66
3738789743,7039683506,6.38
7039683506,3738789743,6.38
616450170,4891796172,6.28
4891796172,616450170,6.28
7090751400,5052276993,49.66
5052276993,7090751400,49.66
5052276993,5052276991,7.65
5052276991,5052276993,7.65
5052276991,5765355909,7.95
5765355909,5052276991,7.95
5765355909,5052276992,8.78
5052276992,5765355909,8.78
5052276992,5765355910,8.68
5765355910,5052276992,8.68
5765355910,5765355911,5.54
5765355911,5765355910,5.54
5765355911,5169896595,18.15
5169896595,5765355911,18.15
5169896595,7039703814,3.41
7039703814,5169896595,3.41
7039703814,7090751398,11.18
7090751398,7039703814,11.18
7090751398,7090751397,10.86
7090751397,7090751398,10.86
7090751397,7090751396,30.77
7090751396,7090751397,30.77
7090751396,7106723651,46.93
7106723651,7090751396,46.93
7090725009,5354390399,36.57
5354390399,7090725009,36.57
5354390399,5050638698,10.82
5050638698,5354390399,10.82
7090725011,5050638706,50.97
5050638706,7090725011,50.97
5050638706,5767451812,5.02
5767451812,5050638706,5.02
7090725015,7090725014,8.16
7090725014,7090725015,8.16
7090725014,7090725013,46.55
7090725013,7090725014,46.55
7090725013,7090751315,2.28
7090751315,7090725013,2.28
7090725016,5208133632,4.85
5208133632,7090725016,4.85
5208133632,7090725015,2.17
7090725015,5208133632,2.17
7090751339,7090725019,20.50
7090725019,7090751339,20.50
7090725019,5208133647,17.71
5208133647,7090725019,17.71
5208133647,4531789988,53.94
4531789988,5208133647,53.94
4531789988,5208133643,26.07
5208133643,4531789988,26.07
5208133643,7090725018,35.98
7090725018,5208133643,35.98
7090725018,7090725017,14.09
7090725017,7090725018,14.09
7090725017,7090725016,35.58
7090725016,7090725017,35.58
7090725020,5208133630,4.59
5208133630,7090725020,4.59
5208133630,7090751293,2.19
7090751293,5208133630,2.19
7090725078,7090725079,5.63
7090725079,7090725078,5.63
7090725079,7090725080,2.86
7090725080,7090725079,2.86
7090725074,7090725075,24.97
7090725075,7090725074,24.97
7090725075,7090725076,29.90
7090725076,7090725075,29.90
7090725076,7090725077,17.57
7090725077,7090725076,17.57
7090725077,7090725078,14.96
7090725078,7090725077,14.96
7090725072,7090725073,3.19
7090725073,7090725072,3.19
7090725073,7090725074,3.34
7090725074,7090725073,3.34
7090725063,7090725064,26.16
7090725064,7090725063,26.16
7090725064,7090725065,23.11
7090725065,7090725064,23.11
7090725065,7090725066,31.87
7090725066,7090725065,31.87
7090725066,7090725067,3.52
7090725067,7090725066,3.52
7090725067,7090725068,19.45
7090725068,7090725067,19.45
7090725068,7090725069,14.54
7090725069,7090725068,14.54
7090725069,7090725070,40.90
7090725070,7090725069,40.90
7090725070,7090725071,3.57
7090725071,7090725070,3.57
7090725071,7090725072,35.78
7090725072,7090725071,35.78
7090751308,7090751307,55.04
7090751307,7090751308,55.04
7090751307,9945227298,1.28
9945227298,7090751307,1.28
9945227298,9931970680,16.24
9931970680,9945227298,16.24
9931970680,7090751306,26.11
7090751306,9931970680,26.11
7090751309,5208133660,3.14
5208133660,7090751309,3.14
5208133660,7090751308,4.34
7090751308,5208133660,4.34
7090751305,7090751299,5.58
7090751299,7090751305,5.58
7090751299,7090751304,17.37
7090751304,7090751299,17.37
7090751306,5208133659,3.63
5208133659,7090751306,3.63
5208133659,7090751305,4.36
7090751305,5208133659,4.36
7090751303,7090751302,16.77
7090751302,7090751303,16.77
7090751304,5208133658,5.61
5208133658,7090751304,5.61
5208133658,7090751303,2.85
7090751303,5208133658,2.85
7090751301,7090751298,32.37
7090751298,7090751301,32.37
7090751298,7090751297,14.48
7090751297,7090751298,14.48
7090751297,7090751300,20.56
7090751300,7090751297,20.56
7090751300,7090751313,3.07
7090751313,7090751300,3.07
7090751302,5208133652,3.47
5208133652,7090751302,3.47
5208133652,7090751301,3.67
7090751301,5208133652,3.67
7090751342,7090751310,4.05
7090751310,7090751342,4.05
7090751310,7090751309,25.25
7090751309,7090751310,25.25
3914607343,3914607346,3.20
3914607346,3914607343,3.20
3914607346,5894579364,64.70
5894579364,3914607346,64.70
5894579364,3914607352,31.89
3914607352,5894579364,31.89
3914607352,3914607356,22.39
3914607356,3914607352,22.39
3914607356,3914608557,16.47
3914608557,3914607356,16.47
7090751312,7090751316,30.65
7090751316,7090751312,30.65
7090751313,3738789751,4.38
3738789751,7090751313,4.38
3738789751,7090751312,3.52
7090751312,3738789751,3.52
7090751315,7090725020,36.83
7090725020,7090751315,36.83
7090725020,7039683501,15.82
7039683501,7090725020,15.82
7039683501,7039683500,16.57
7039683500,7039683501,16.57
7039683500,7039683499,7.75
7039683499,7039683500,7.75
7039683499,7039683496,6.53
7039683496,7039683499,6.53
7039683496,7090751311,12.60
7090751311,7039683496,12.60
7090751311,7039683498,16.26
7039683498,7090751311,16.26
7039683498,7039683497,5.37
7039683497,7039683498,5.37
7039683497,615129718,7.68
615129718,7039683497,7.68
7090751316,5208133631,2.82
5208133631,7090751316,2.82
5208133631,7090751315,3.95
7090751315,5208133631,3.95
7090751340,3914607328,35.69
3914607328,7090751340,35.69
3914607328,3914607331,36.66
3914607331,3914607328,36.66
3914607331,3914607332,15.51
3914607332,3914607331,15.51
3914607332,3914607349,64.70
3914607349,3914607332,64.70
3914607349,3914607350,31.89
3914607350,3914607349,31.89
3914607350,3914607354,22.38
3914607354,3914607350,22.38
3914607354,5208133633,26.83
5208133633,3914607354,26.83
5208133633,7090751317,30.01
7090751317,5208133633,30.01
7090751317,7090751316,2.64
7090751316,7090751317,2.64
3914607354,3914607356,15.87
3914607356,3914607354,15.87
3914607330,3914607329,15.27
3914607329,3914607330,15.27
3914607329,3914607328,15.66
3914607328,3914607329,15.66
7090751340,7090751341,30.84
7090751341,7090751340,30.84
7090751339,5208133646,3.46
5208133646,7090751339,3.46
5208133646,7090751340,4.02
7090751340,5208133646,4.02
7090751341,5208133661,3.14
5208133661,7090751341,3.14
5208133661,7090751342,4.02
7090751342,5208133661,4.02
283588376,7090751338,10.20
7090751338,283588376,10.20
7090751338,7090751339,50.15
7090751339,7090751338,50.15
7090751323,7090751322,11.36
7090751322,7090751323,11.36
7090751324,5928596268,2.46
5928596268,7090751324,2.46
5928596268,7090751323,1.97
7090751323,5928596268,1.97
7090751321,7039683506,26.50
7039683506,7090751321,26.50
7090751322,5208133662,4.13
5208133662,7090751322,4.13
5208133662,7090751321,2.64
7090751321,5208133662,2.64
5767451806,7090751332,11.09
7090751332,5767451806,11.09
7090751332,7090751331,42.56
7090751331,7090751332,42.56
7090751331,3774830565,3.77
3774830565,7090751331,3.77
3774830565,7090751330,2.30
7090751330,3774830565,2.30
7090751330,7090751329,51.65
7090751329,7090751330,51.65
7090751329,7090751328,4.23
7090751328,7090751329,4.23
7090751328,7090751327,3.24
7090751327,7090751328,3.24
7090751327,7090751326,2.05
7090751326,7090751327,2.05
7090751326,7090751325,3.96
7090751325,7090751326,3.96
7090751325,7090751324,22.04
7090751324,7090751325,22.04
5767451809,7090751337,3.79
7090751337,5767451809,3.79
7090751337,7090751336,122.47
7090751336,7090751337,122.47
7090751336,7090751335,1.26
7090751335,7090751336,1.26
7090751335,7090751334,73.46
7090751334,7090751335,73.46
7090751334,7090751333,117.25
7090751333,7090751334,117.25
7090751333,5767451807,3.27
5767451807,7090751333,3.27
7090751347,7090751346,17.65
7090751346,7090751347,17.65
7090751346,7090751345,24.85
7090751345,7090751346,24.85
7090751345,7090751344,20.30
7090751344,7090751345,20.30
7090751344,7039683506,18.01
7039683506,7090751344,18.01
7106723598,7106723647,5.45
7106723647,7106723617,166.99
7106723617,7106723609,11.79
7252656112,7106723618,11.13
7106723618,7106723646,165.17
7106723646,7106723603,5.22
7106723603,13247101045,5.27
7090751392,7090751391,24.39
7090751391,7090751392,24.39
7090751393,5765355925,2.49
5765355925,7090751393,2.49
5765355925,7090751392,3.62
7090751392,5765355925,3.62
7090751394,7090751393,24.03
7090751393,7090751394,24.03
7090751395,5765355921,3.23
5765355921,7090751395,3.23
5765355921,7090751394,3.74
7090751394,5765355921,3.74
5765355916,7090751395,49.17
7090751395,5765355916,49.17
5765357123,5765357122,5.40
5765357122,5765357123,5.40
5765357122,5765355916,6.41
5765355916,5765357122,6.41
5765355917,7106723648,5.93
7106723648,5765355917,5.93
7106723648,7106723616,168.33
7106723616,7106723648,168.33
7106723616,5765357123,7.47
5765357123,7106723616,7.47
5765357125,5765357124,4.29
5765357124,5765357125,4.29
5765357124,5765355917,3.20
5765355917,5765357124,3.20
5169896596,5765355914,79.78
5765355914,5169896596,79.78
5765355914,5765355912,3.49
5765355912,5765355914,3.49
5765355912,5765355913,5.28
5765355913,5765355912,5.28
5765355913,5765355915,3.35
5765355915,5765355913,3.35
5765355915,5765357125,9.48
5765357125,5765355915,9.48
7090751399,5190437767,5.53
5190437767,7090751399,5.53
5190437767,7090751400,5.37
7090751400,5190437767,5.37
7090751402,5767451612,3.55
5767451612,7090751402,3.55
5767451612,5780893661,36.57
5780893661,5767451612,36.57
5780893661,5765355908,71.61
5765355908,5780893661,71.61
5765355908,7090751399,10.29
7090751399,5765355908,10.29
7090757424,7090757423,1.85
7090757423,7090757424,1.85
7090757429,7090757428,4.89
7090757428,7090757429,4.89
7090757428,7090757427,9.43
7090757427,7090757428,9.43
7090757427,7090757426,14.84
7090757426,7090757427,14.84
7090757426,7090757425,19.97
7090757425,7090757426,19.97
7090757425,7090757424,2.91
7090757424,7090757425,2.91
7104218062,3405456137,5.02
3405456137,7104218062,5.02
3405456137,7104218061,3.83
7104218061,3405456137,3.83
7104218070,7104218069,103.35
7104218069,7104218070,103.35
7104218069,7104218068,15.51
7104218068,7104218069,15.51
7104218068,7104218067,24.23
7104218067,7104218068,24.23
7104218067,7104218066,24.23
7104218066,7104218067,24.23
7104218066,7104218065,24.86
7104218065,7104218066,24.86
7104218065,7104218064,35.95
7104218064,7104218065,35.95
7104218064,7104218063,29.16
7104218063,7104218064,29.16
7104218063,7104218062,27.46
7104218062,7104218063,27.46
7104218072,7104218071,3.05
7104218071,7104218072,3.05
7104218071,7104218070,2.84
7104218070,7104218071,2.84
7104218073,7104218072,32.19
7104218072,7104218073,32.19
7104218074,7090725021,3.14
7090725021,7104218074,3.14
7090725021,7104218073,2.86
7104218073,7090725021,2.86
7104218085,7104218084,46.26
7104218084,7104218085,46.26
7104218084,7104218083,6.86
7104218083,7104218084,6.86
7104218083,7104218082,4.25
7104218082,7104218083,4.25
7104218082,7104218081,2.83
7104218081,7104218082,2.83
7104218081,7104218080,9.58
7104218080,7104218081,9.58
7104218080,7104218079,13.18
7104218079,7104218080,13.18
7104218079,7104218078,5.92
7104218078,7104218079,5.92
7104218078,7104218077,3.64
7104218077,7104218078,3.64
7104218077,7104218076,10.70
7104218076,7104218077,10.70
7104218076,7104218075,44.21
7104218075,7104218076,44.21
7104218075,7104218074,57.56
7104218074,7104218075,57.56
7104218024,7104217998,12.96
7104217998,7104218024,12.96
7104217998,7104218023,12.83
7104218023,7104217998,12.83
7104218023,7104218022,1.93
7104218022,7104218023,1.93
7104218022,7104218021,30.71
7104218021,7104218022,30.71
7104218021,7104218020,8.84
7104218020,7104218021,8.84
7104218040,5208132198,2.68
5208132198,7104218040,2.68
5208132198,7104218039,2.74
7104218039,5208132198,2.74
7104218041,7104218040,39.48
7104218040,7104218041,39.48
7104218019,7104218018,21.10
7104218018,7104218019,21.10
7104218018,7104218017,1.58
7104218017,7104218018,1.58
7104218017,7104218016,17.42
7104218016,7104218017,17.42
7104218016,7104218015,3.53
7104218015,7104218016,3.53
7104218020,5208132199,2.48
5208132199,7104218020,2.48
5208132199,7104218019,2.91
7104218019,5208132199,2.91
7104218042,5208133624,2.43
5208133624,7104218042,2.43
5208133624,7104218041,5.27
7104218041,5208133624,5.27
7104218047,7104218046,21.34
7104218046,7104218047,21.34
7104218046,7104218045,13.96
7104218045,7104218046,13.96
7104218045,7104218044,21.88
7104218044,7104218045,21.88
7104218044,7104218043,21.96
7104218043,7104218044,21.96
7104218043,7104218042,11.20
7104218042,7104218043,11.20
7104218014,7104218013,17.42
7104218013,7104218014,17.42
7104218013,7104218012,1.25
7104218012,7104218013,1.25
7104218012,7104218011,13.37
7104218011,7104218012,13.37
7104218011,7104218010,10.81
7104218010,7104218011,10.81
7104218015,5208132196,1.72
5208132196,7104218015,1.72
5208132196,7104218014,1.72
7104218014,5208132196,1.72
7104218009,7104218008,30.06
7104218008,7104218009,30.06
7104218010,5208132195,1.26
5208132195,7104218010,1.26
5208132195,7104218009,2.03
7104218009,5208132195,2.03
7104218048,5208132194,1.99
5208132194,7104218048,1.99
5208132194,7104218047,4.06
7104218047,5208132194,4.06
7104218007,7104218006,15.74
7104218006,7104218007,15.74
7104218006,7104218005,1.69
7104218005,7104218006,1.69
7104218005,7104218004,26.24
7104218004,7104218005,26.24
7104218004,7104218003,18.95
7104218003,7104218004,18.95
7104218003,7104218002,27.81
7104218002,7104218003,27.81
7104218002,7104218001,19.73
7104218001,7104218002,19.73
7104218001,7104218000,9.33
7104218000,7104218001,9.33
7104218000,7104217999,4.63
7104217999,7104218000,4.63
7104217999,615129718,4.04
615129718,7104217999,4.04
7104218008,5208132193,1.17
5208132193,7104218008,1.17
5208132193,7104218007,1.20
7104218007,5208132193,1.20
7104218061,7104218060,20.09
7104218060,7104218061,20.09
7104218060,7104218059,4.09
7104218059,7104218060,4.09
7104218059,7104218058,9.83
7104218058,7104218059,9.83
7104218058,7104218057,8.61
7104218057,7104218058,8.61
7104218057,7104218056,3.49
7104218056,7104218057,3.49
7104218056,7104218055,7.26
7104218055,7104218056,7.26
7104218055,7104218054,13.21
7104218054,7104218055,13.21
7104218054,7104218053,22.35
7104218053,7104218054,22.35
7104218053,7104218052,24.94
7104218052,7104218053,24.94
7104218052,7104218051,39.54
7104218051,7104218052,39.54
7104218051,7104218050,4.46
7104218050,7104218051,4.46
7104218050,7104218049,8.92
7104218049,7104218050,8.92
7104218049,7104218048,23.58
7104218048,7104218049,23.58
7106723569,7106723568,12.45
7106723568,7106723569,12.45
7106723568,7106723567,73.30
7106723567,7106723568,73.30
7106723567,7106723566,7.29
7106723566,7106723567,7.29
7106723566,7106723565,5.80
7106723565,7106723566,5.80
7106723565,7106723564,3.22
7106723564,7106723565,3.22
7106723544,7106723570,2.94
7106723570,7106723544,2.94
7106723570,7106723569,4.48
7106723569,7106723570,4.48
7106723593,7106723640,8.70
7106723640,7106723593,8.70
7106723640,7106723639,17.13
7106723639,7106723640,17.13
7106723639,7106723638,6.57
7106723638,7106723639,6.57
7106723638,7106723637,17.02
7106723637,7106723638,17.02
7106723637,7106723636,35.74
7106723636,7106723637,35.74
7106723636,7106723635,18.36
7106723635,7106723636,18.36
7106723635,12244306233,8.50
12244306233,7106723635,8.50
12244306233,7106723634,26.07
7106723634,12244306233,26.07
7106723634,7106723633,4.17
7106723633,7106723634,4.17
7106723633,7106723632,14.54
7106723632,7106723633,14.54
7106723632,7106723591,19.06
7106723591,7106723632,19.06
7106723591,7106723631,14.58
7106723631,7106723591,14.58
7106723631,7106723630,2.53
7106723630,7106723631,2.53
7106723630,7106723629,2.17
7106723629,7106723630,2.17
7106723629,7106723628,1.71
7106723628,7106723629,1.71
7106723628,7106723627,1.77
7106723627,7106723628,1.77
7106723627,7106723626,2.22
7106723626,7106723627,2.22
7106723626,7106723625,1.94
7106723625,7106723626,1.94
7106723625,7106723624,3.88
7106723624,7106723625,3.88
7106723624,7106723623,11.89
7106723623,7106723624,11.89
7106723623,7106723622,29.77
7106723622,7106723623,29.77
7106723622,7106723621,1.13
7106723621,7106723622,1.13
7106723621,7106723620,1.35
7106723620,7106723621,1.35
7106723620,7106723619,2.75
7106723619,7106723620,2.75
7106723619,7106723575,47.41
7106723575,7106723619,47.41
7106723575,7106723574,38.20
7106723574,7106723575,38.20
7106723574,7106723573,70.74
7106723573,7106723574,70.74
7106723573,7106723645,7.66
7106723645,7106723573,7.66
7106723717,7106723716,10.44
7106723716,7106723717,10.44
7106723716,7106723715,15.79
7106723715,7106723716,15.79
7106723713,7106723712,8.01
7106723712,7106723713,8.01
7106723712,7106723711,23.19
7106723711,7106723712,23.19
7106723711,7106723710,22.22
7106723710,7106723711,22.22
7106723710,7106723709,3.58
7106723709,7106723710,3.58
7106723709,7106723708,4.28
7106723708,7106723709,4.28
7106723708,7106723707,4.21
7106723707,7106723708,4.21
7106723707,7106723706,3.93
7106723706,7106723707,3.93
7106723706,7106723705,4.28
7106723705,7106723706,4.28
7106723705,7106723704,5.43
7106723704,7106723705,5.43
7106723704,7106723703,12.26
7106723703,7106723704,12.26
7106723715,7106723714,6.24
7106723714,7106723715,6.24
7106723714,7106723713,2.50
7106723713,7106723714,2.50
7106723701,7106723700,14.01
7106723700,7106723701,14.01
7106723703,7106723702,4.09
7106723702,7106723703,4.09
7106723702,7106723701,4.73
7106723701,7106723702,4.73
7106723698,7106723694,5.24
7106723694,7106723698,5.24
7106723694,7106723693,65.76
7106723693,7106723694,65.76
7106723693,7106723692,6.02
7106723692,7106723693,6.02
7106723692,7106723691,2.57
7106723691,7106723692,2.57
7106723691,7106723690,2.74
7106723690,7106723691,2.74
7106723690,7106723689,2.55
7106723689,7106723690,2.55
7106723689,7106723688,3.09
7106723688,7106723689,3.09
7106723688,7106723687,1.99
7106723687,7106723688,1.99
7106723700,7106723699,2.16
7106723699,7106723700,2.16
7106723699,7106723698,3.34
7106723698,7106723699,3.34
7106723685,7106723684,1.94
7106723684,7106723685,1.94
7106723684,7106723683,2.23
7106723683,7106723684,2.23
7106723683,7106723682,2.46
7106723682,7106723683,2.46
7106723682,7106723681,3.08
7106723681,7106723682,3.08
7106723681,7106723680,2.00
7106723680,7106723681,2.00
7106723680,7106723679,3.44
7106723679,7106723680,3.44
7106723679,7106723678,3.72
7106723678,7106723679,3.72
7106723678,7106723677,3.79
7106723677,7106723678,3.79
7106723677,7106723676,5.06
7106723676,7106723677,5.06
7106723676,7106723675,28.25
7106723675,7106723676,28.25
7106723687,7106723686,3.45
7106723686,7106723687,3.45
7106723686,7106723685,3.89
7106723685,7106723686,3.89
7106723673,7106723672,29.48
7106723672,7106723673,29.48
7106723675,7106723674,1.40
7106723674,7106723675,1.40
7106723674,7106723673,2.61
7106723673,7106723674,2.61
7106723670,7106723669,18.83
7106723669,7106723670,18.83
7106723669,7106723668,15.78
7106723668,7106723669,15.78
7106723668,7106723667,16.46
7106723667,7106723668,16.46
7106723667,7106723666,9.98
7106723666,7106723667,9.98
7106723666,7106723665,9.60
7106723665,7106723666,9.60
7106723665,7106723664,1.93
7106723664,7106723665,1.93
7106723664,7106723663,1.70
7106723663,7106723664,1.70
7106723663,7090751399,1.73
7090751399,7106723663,1.73
7106723672,7106723671,2.21
7106723671,7106723672,2.21
7106723671,7106723670,3.07
7106723670,7106723671,3.07
4524339680,7106723581,1.80
7106723581,4524339680,1.80
7106723581,7106723582,2.72
7106723582,7106723581,2.72
7106723582,7106723589,47.35
7106723589,7106723582,47.35
7106723589,7106723588,2.49
7106723588,7106723589,2.49
7106723588,7106723587,2.05
7106723587,7106723588,2.05
7106723587,7106723586,3.21
7106723586,7106723587,3.21
7106723586,7106723583,17.09
7106723583,7106723586,17.09
7106723583,7106723571,18.92
7106723571,7106723583,18.92
7106723571,7106723544,12.04
7106723544,7106723571,12.04
7106723622,7106723590,5.03
7106723590,7106723622,5.03
7106723590,7106723589,3.30
7106723589,7106723590,3.30
7106723586,7106723585,5.14
7106723585,7106723586,5.14
7106723585,7106723584,8.03
7106723584,7106723585,8.03
7106723584,5765355916,6.54
5765355916,7106723584,6.54
7106723641,7106723592,2.14
7106723592,7106723641,2.14
7106723592,7106723593,2.83
7106723593,7106723592,2.83
7106723645,7106723644,3.17
7106723644,7106723645,3.17
7106723644,7106723643,2.40
7106723643,7106723644,2.40
7106723643,7106723642,2.06
7106723642,7106723643,2.06
7106723642,7106723641,19.55
7106723641,7106723642,19.55
7106723648,7106723647,5.63
7106723647,7106723648,5.63
7106723647,7106723646,7.90
7106723646,7106723647,7.90
7106723646,7106723645,5.54
7106723645,7106723646,5.54
7106723651,7106723650,4.86
7106723650,7106723651,4.86
7106723650,7106723649,7.27
7106723649,7106723650,7.27
7106723649,5765357125,7.41
5765357125,7106723649,7.41
5761686431,3757875590,5.95
3757875590,5761686431,5.95
3757875590,5765357122,2.55
5765357122,3757875590,2.55
5765357122,7106723609,7.30
7106723609,5765357122,7.30
7106723619,7106723618,4.21
7106723618,7106723619,4.21
7106723618,7106723617,8.12
7106723617,7106723618,8.12
7106723617,7106723616,6.92
7106723616,7106723617,6.92
7090751400,7106723662,5.16
7106723662,7090751400,5.16
7106723662,7106723661,44.66
7106723661,7106723662,44.66
7106723661,7106723660,41.64
7106723660,7106723661,41.64
7106723660,7106723659,63.31
7106723659,7106723660,63.31
7106723659,7106723658,5.64
7106723658,7106723659,5.64
7106723658,7106723657,1.99
7106723657,7106723658,1.99
7106723657,7106723656,4.21
7106723656,7106723657,4.21
7106723656,7106723655,8.79
7106723655,7106723656,8.79
7106723655,7106723654,5.99
7106723654,7106723655,5.99
7106723654,7106723653,12.60
7106723653,7106723654,12.60
7106723653,7106723652,21.82
7106723652,7106723653,21.82
7106723652,7106723651,4.70
7106723651,7106723652,4.70
3208853067,7204801450,14.06
7204801450,3208853068,14.09
3208853068,3208853071,29.89
9931970678,9931970679,9.29
9931970679,9931970678,9.29
9931970679,9931970680,19.53
9931970680,9931970679,19.53
5208133645,9945227293,7.13
9945227293,5208133645,7.13
9945227293,9945227294,4.43
9945227294,9945227293,4.43
9945227294,9945227295,6.57
9945227295,9945227294,6.57
9945227295,3311798833,7.45
3311798833,9945227295,7.45
3311799155,5928717935,11.07
5928717935,3311799155,11.07
5928717935,9945227296,14.49
9945227296,5928717935,14.49
3311798983,9945227297,13.76
9945227297,3311798983,13.76
9945227297,9945227298,17.97
9945227298,9945227297,17.97
3208852918,9945227300,22.95
9945227300,3208852918,22.95
9945227301,9945227300,2.99
9945227300,9945227301,2.99
9945227300,9945227302,39.98
9945227302,9945227300,39.98
9945227302,9945227303,16.08
9945227303,9945227302,16.08
9945227303,5767451794,4.37
5767451794,9945227303,4.37
11203433772,11203433771,8.93
11203433771,11203433772,8.93
11203433771,11203433770,0.71
11203433770,11203433771,0.71
11203433770,11203433769,34.48
11203433769,11203433770,34.48
12029938734,12029938735,10.42
12029938735,12029938734,10.42
12244306233,12244306234,4.17
12244306234,12244306233,4.17
12244306234,12244306235,10.76
12244306235,12244306234,10.76
7039683509,12821590677,5.63
12821590677,7039683509,5.63
3414621126,2418355568,36.33
2418355568,3414621126,36.33
2418355568,3311798203,16.53
3311798203,2418355568,16.53
1853057294,3208852913,15.32
3208852913,3738764492,7.81
3738764492,3208852934,87.52
3311798800,5208133668,24.04
5208133668,3738789743,4.75
3738789743,3208852934,7.04
8963150294,616450172,10.03
3989924535,3311798683,53.94
899050475,3311797557,7.11
3311797557,899050475,7.11
3311797557,3738764478,8.54
3738764478,3311797557,8.54
3738764478,3738764476,10.24
3738764476,3738764478,10.24
12821590676,5767451761,6.71
5767451761,12821590676,6.71
12821590677,12821590676,7.74
12821590676,12821590677,7.74
13143806634,13143806633,43.60
13143806633,13143806634,43.60
13143806633,13143806632,9.50
13143806632,13143806633,9.50
7106723609,7106723584,8.00
7106723584,5765355922,52.22
5765355922,5765355926,30.56
5765355926,7106699983,30.31
7106723598,7106723603,7.85
7252656112,7106723609,7.81
7106723609,7252656112,7.81
13247101044,13247101043,5.34
13247101043,7106723598,6.68
13247101045,13247101044,7.39
13247101046,13247101045,5.57
