100
300
0 12 15.67
0 45 8.34
0 78 12.89
1 23 6.45
1 67 14.23
1 89 9.78
2 34 11.56
2 56 7.89
2 91 13.45
3 15 10.23
3 48 5.67
3 82 14.89
4 27 9.34
4 61 12.78
4 93 6.12
5 19 13.56
5 52 8.90
5 85 11.23
6 31 7.45
6 64 14.67
6 96 10.12
7 8 12.34
7 43 6.78
7 76 9.56
8 25 14.12
8 58 11.45
8 88 7.23
9 17 8.67
9 50 13.89
9 81 10.45
10 29 6.23
10 63 12.56
10 94 9.12
11 22 14.78
11 55 8.34
11 87 11.67
12 36 7.89
12 68 13.23
12 99 10.56
13 14 12.45
13 47 6.89
13 79 9.34
14 26 14.56
14 60 11.12
14 92 7.67
15 38 8.45
15 71 13.78
15 3 10.89
16 20 6.34
16 53 12.23
16 86 9.67
17 32 14.45
17 65 8.12
17 97 11.89
18 9 7.56
18 44 13.34
18 77 10.23
19 28 12.67
19 62 6.45
19 95 9.89
20 40 14.23
20 73 11.56
20 16 8.78
21 5 13.12
21 49 7.34
21 83 10.67
22 33 6.89
22 66 14.34
22 98 12.45
23 11 9.23
23 46 8.56
23 80 13.67
24 30 11.89
24 64 7.12
24 90 14.45
25 18 10.34
25 51 6.67
25 84 12.78
26 37 9.45
26 70 13.56
26 2 8.23
27 13 14.89
27 48 11.34
27 81 7.56
28 24 6.12
28 57 12.89
28 91 10.45
29 41 9.67
29 74 14.12
29 7 8.34
30 6 13.45
30 52 11.78
30 85 7.23
31 21 10.56
31 54 6.89
31 87 14.67
32 35 12.34
32 68 9.12
32 1 8.45
33 16 14.78
33 49 11.23
33 82 7.67
34 28 13.56
34 61 10.89
34 94 6.34
35 10 9.78
35 43 14.23
35 76 12.56
36 22 8.12
36 55 11.45
36 88 7.89
37 4 13.89
37 47 10.67
37 80 6.23
38 26 12.45
38 59 9.34
38 92 14.56
39 14 11.12
39 50 8.67
39 83 7.45
40 32 13.23
40 65 10.78
40 98 6.56
41 7 14.45
41 44 12.89
41 77 9.23
42 19 8.34
42 56 11.67
42 89 14.12
43 31 7.78
43 64 13.45
43 97 10.34
44 23 12.67
44 58 9.56
44 91 6.89
45 15 14.89
45 51 11.23
45 84 8.45
46 27 10.12
46 60 7.56
46 93 13.78
47 39 12.34
47 72 9.89
47 5 6.67
48 11 14.56
48 46 11.45
48 79 8.23
49 33 7.34
49 66 13.67
49 99 10.89
50 8 12.78
50 42 9.45
50 75 6.12
51 20 14.34
51 53 11.78
51 86 8.56
52 36 10.23
52 69 7.89
52 2 13.45
53 28 12.12
53 62 9.67
53 95 6.45
54 17 14.78
54 54 11.34
54 87 8.89
55 29 7.23
55 63 13.56
55 96 10.67
56 41 12.45
56 74 9.12
56 7 6.78
57 13 14.23
57 48 11.56
57 81 8.34
58 25 10.45
58 59 7.67
58 92 13.89
59 37 12.67
59 70 9.34
59 3 6.23
60 9 14.56
60 45 11.89
60 78 8.67
61 21 7.45
61 56 13.12
61 89 10.78
62 34 12.34
62 67 9.56
62 0 6.89
63 16 14.45
63 52 11.23
63 85 8.12
64 30 10.89
64 65 7.34
64 98 13.67
65 12 12.56
65 47 9.78
65 80 6.45
66 24 14.89
66 57 11.67
66 90 8.23
67 38 10.34
67 71 7.56
67 4 13.45
68 6 12.78
68 43 9.23
68 76 6.67
69 19 14.34
69 55 11.45
69 88 8.89
70 31 7.12
70 64 13.78
70 97 10.56
71 23 12.23
71 58 9.45
71 91 6.34
72 15 14.67
72 50 11.78
72 83 8.56
73 27 10.23
73 60 7.89
73 93 13.34
74 39 12.89
74 72 9.67
74 5 6.12
75 11 14.45
75 46 11.34
75 79 8.78
76 33 7.23
76 66 13.56
76 99 10.45
77 8 12.67
77 44 9.89
77 77 6.56
78 22 14.78
78 55 11.23
78 88 8.34
79 36 10.67
79 69 7.45
79 2 13.89
80 18 12.45
80 53 9.78
80 86 6.23
81 30 14.56
81 63 11.56
81 96 8.67
82 42 7.89
82 75 13.23
82 9 10.34
83 14 12.12
83 49 9.34
83 82 6.78
84 26 14.89
84 61 11.67
84 94 8.45
85 38 10.78
85 71 7.34
85 4 13.56
86 10 12.34
86 45 9.56
86 78 6.89
87 22 14.23
87 57 11.45
87 90 8.12
88 35 7.67
88 68 13.45
88 1 10.23
89 17 12.78
89 54 9.23
89 87 6.45
90 29 14.67
90 62 11.89
90 95 8.56
91 41 10.45
91 74 7.23
91 7 13.78
92 13 12.56
92 48 9.67
92 81 6.34
93 25 14.34
93 59 11.23
93 92 8.89
94 37 7.56
94 70 13.67
94 3 10.12
95 19 12.45
95 56 9.45
95 89 6.67
96 32 14.78
96 65 11.56
96 98 8.23
97 24 10.89
97 58 7.78
97 91 13.34
98 16 12.67
98 51 9.89
98 84 6.45
99 28 14.56
99 63 11.34
99 96 8.67