200
1200
23 46 8.56
4 82 10.44
2 91 13.45
68 107 13.98
74 35 6.82
110 95 5.39
135 17 12.72
142 64 6.74
69 88 8.89
6 124 10.51
161 193 6.47
124 71 11.06
180 55 6.47
185 13 6.24
184 91 13.96
105 58 8.69
60 75 5.58
195 162 8.26
5 116 12.15
126 66 5.02
84 16 7.27
163 99 9.92
88 107 12.01
87 28 13.31
82 75 13.23
47 38 9.98
144 43 10.2
91 133 12.09
1 78 6.8
79 89 5.63
198 99 10.09
71 27 5.73
129 57 6.46
70 97 10.56
49 66 13.67
58 71 9.45
108 178 10.56
131 29 10.64
35 10 9.78
143 179 10.5
176 137 14.02
153 148 8.45
61 194 12.73
5 21 13.12
85 30 7.23
99 12 10.56
0 74 7.94
176 0 14.86
68 6 12.67
160 40 11.81
93 73 13.34
108 149 7.87
123 103 12.23
16 20 8.78
35 83 10.93
55 2 8.92
163 12 10.88
4 23 8.18
43 31 7.78
103 45 7.63
35 36 9.08
109 90 6.83
90 156 8.04
118 36 7.14
182 183 12.92
76 74 10.55
32 160 5.3
34 181 6.23
196 43 14.61
143 68 13.92
45 154 10.71
103 2 13.5
136 107 7.05
49 151 14.82
122 166 5.8
188 122 14.92
38 33 12.73
64 24 7.12
77 105 8.87
10 63 12.56
54 17 14.78
96 55 10.67
19 65 11.71
161 197 6.67
165 195 9.08
82 145 10.28
98 34 12.72
198 133 12.6
97 58 7.78
14 39 11.12
95 45 11.1
164 152 13.08
44 63 13.64
88 41 13.8
156 143 12.87
32 60 11.24
77 77 6.56
139 16 10.71
118 11 12.5
156 92 12.25
27 4 9.34
53 86 6.02
53 121 10.73
98 36 10.57
133 5 7.21
38 71 6.77
67 1 14.23
87 72 8.98
5 52 8.9
162 164 11.32
7 182 11.39
110 141 10.16
27 192 13.31
58 44 8.77
31 193 12.47
92 3 7.8
133 150 5.73
187 1 13.47
114 181 6.88
171 26 10.41
80 53 9.78
170 118 10.39
147 133 12.78
3 143 9.07
48 179 11.79
60 14 11.12
192 194 9.95
176 70 7.17
189 20 5.81
4 61 12.78
183 198 12.45
169 61 14.24
7 41 14.45
102 92 5.17
20 142 8.91
31 6 7.45
192 112 9.68
17 163 14.35
186 131 9.95
51 53 11.78
197 199 7.84
23 44 12.67
193 97 5.01
44 130 7.14
2 142 8.9
133 59 14.34
101 55 8.97
85 56 13.39
22 33 6.89
109 177 8.65
36 55 11.45
45 0 8.34
56 7 6.78
92 48 9.67
171 179 13.08
80 77 7.28
57 19 11.07
133 153 7.41
163 186 6.49
79 36 10.67
37 130 6.85
152 93 9.05
137 46 5.74
142 77 5.11
149 62 5.46
23 32 5.23
126 29 14.15
92 14 7.67
124 78 11.29
82 80 13.72
126 78 9.44
184 121 6.2
126 131 5.42
22 87 14.23
35 5 11.24
107 50 7.29
163 5 10.14
191 177 13.72
193 103 10.48
94 10 9.12
131 19 11.68
82 9 10.34
181 138 5.75
48 143 10.53
102 117 8.55
69 79 7.45
158 192 5.95
49 33 11.23
4 48 11.54
112 3 5.66
48 84 10.82
62 67 9.56
64 98 13.67
33 52 11.78
101 141 12.87
69 68 9.35
4 93 6.12
175 2 7.26
129 117 13.91
46 75 11.34
164 50 5.62
145 88 14.85
48 57 11.56
107 3 12.21
2 19 11.6
91 74 7.23
166 74 11.3
50 9 13.89
82 3 14.89
44 91 6.89
103 117 8.1
168 16 12.92
97 43 10.34
185 133 5.99
96 98 8.23
71 151 7.16
93 91 5.84
45 18 8.72
27 39 13.15
160 64 12.38
120 167 10.46
89 17 12.78
39 83 7.45
78 0 12.89
21 31 10.56
8 50 12.78
167 153 5.04
119 158 14.98
184 192 5.27
67 38 10.34
131 48 8.4
108 24 5.7
131 165 5.95
116 149 7.64
159 17 8.75
195 125 7.68
196 134 9.52
24 30 11.89
148 192 5.85
57 66 11.67
146 104 5.13
96 113 14.89
59 165 8.74
182 148 6.9
166 7 8.28
81 29 6.24
148 22 7.14
26 14 14.56
95 89 6.67
117 39 9.21
26 70 13.56
34 48 9.06
26 38 12.45
88 177 14.16
44 42 12.41
61 41 10.56
58 84 13.74
75 72 8.27
73 8 5.17
166 57 9.66
15 7 14.13
42 160 12.91
92 135 11.4
123 58 7.9
68 116 14.23
118 27 13.92
26 84 14.89
67 175 11.05
27 103 14.31
87 31 14.67
110 166 14.7
56 64 13.54
128 3 5.96
10 155 6.21
10 22 8.68
170 38 8.37
127 12 5.71
159 50 13.94
13 14 12.45
112 94 9.36
153 127 14.79
112 26 7.12
77 97 10.2
8 31 8.12
83 21 10.67
113 83 11.72
5 120 12.5
42 89 14.12
30 171 9.38
19 69 5.42
7 194 12.37
109 57 14.37
65 47 9.78
108 197 10.55
44 77 9.89
92 34 5.16
38 81 11.91
152 28 11.41
51 114 10.97
183 2 13.31
127 93 14.49
22 66 14.34
24 63 13.32
3 91 7.26
13 92 12.56
42 174 7.02
56 95 9.45
167 181 5.05
133 17 5.92
194 72 8.93
28 190 12.61
78 86 6.89
9 136 8.55
98 78 6.08
123 143 9.02
192 90 14.25
92 34 12.14
55 29 7.23
27 37 14.02
84 189 8.77
163 155 13.84
171 88 8.07
61 4 9.27
124 3 14.42
187 61 7.64
48 3 5.67
100 61 13.66
41 165 5.94
134 115 14.18
165 177 14.53
199 140 14.16
64 122 11.3
154 18 11.69
152 102 14.33
29 37 8.45
106 132 13.93
11 57 5.82
95 192 12.58
103 17 12.58
198 174 13.08
38 70 13.48
185 57 7.14
59 70 9.34
53 79 5.44
78 121 10.29
15 181 13.38
168 140 5.01
10 121 14.23
68 76 6.67
55 78 11.23
172 33 7.19
141 142 9.07
48 134 5.9
61 34 10.89
199 6 6.33
122 61 7.58
74 83 10.94
163 55 9.65
183 30 10.46
170 28 7.94
16 183 9.18
197 137 12.46
38 162 11.87
33 140 10.95
26 161 8.13
105 41 13.13
7 29 8.34
142 153 10.72
174 92 7.03
37 99 9.24
26 56 13.3
10 23 12.35
76 66 13.56
6 117 6.63
54 31 6.89
14 38 11.57
88 1 10.23
27 46 10.12
33 82 7.67
26 165 5.64
75 124 8.68
118 123 12.84
70 40 14.8
165 137 13.57
25 51 6.67
130 93 11.24
64 6 14.67
137 142 8.0
111 107 9.21
176 103 7.05
0 61 8.21
90 126 12.03
0 32 13.26
107 61 9.08
146 25 5.65
150 31 8.81
20 16 6.34
146 80 9.54
25 115 5.01
170 127 14.84
1 89 9.78
130 143 6.07
20 154 13.97
52 110 9.22
12 0 15.67
82 39 12.25
56 42 11.67
20 199 12.78
153 89 5.66
37 83 10.87
151 190 11.97
65 80 6.45
33 76 7.23
94 34 6.34
14 0 6.19
149 98 6.93
37 137 5.17
174 8 5.93
25 189 12.8
126 56 9.18
74 5 6.12
167 178 5.04
2 166 13.42
29 162 6.02
42 115 10.44
70 64 13.78
54 54 11.34
4 154 12.73
104 62 5.43
111 41 11.82
178 18 5.18
94 70 13.67
92 119 13.77
3 34 6.55
48 66 9.49
102 29 10.28
159 25 7.22
121 181 13.17
198 157 14.96
133 117 12.52
37 191 6.41
29 112 6.69
68 88 13.45
99 1 8.35
7 23 14.63
19 42 8.34
164 174 14.82
98 84 6.45
44 53 13.27
32 137 12.26
32 42 9.85
176 60 6.9
71 160 7.98
30 52 11.78
153 36 8.8
152 57 13.41
98 16 12.67
25 48 6.98
44 41 12.89
141 109 8.35
53 28 12.12
85 29 5.13
110 82 6.5
71 24 5.38
99 120 6.4
83 57 14.07
46 176 11.93
69 19 14.34
22 93 8.89
149 42 11.09
44 18 13.34
66 65 8.64
22 76 14.45
96 162 6.76
57 182 6.4
41 29 9.67
120 149 13.64
71 122 12.07
192 118 13.22
70 97 6.45
28 62 7.17
20 13 10.53
50 39 8.67
179 30 6.16
0 11 12.77
182 47 7.29
4 37 11.53
136 126 6.54
71 46 6.55
32 68 9.12
99 175 7.47
149 144 10.61
79 13 9.34
137 39 9.21
9 76 13.63
61 84 11.67
141 139 10.65
118 104 12.8
27 40 5.23
18 9 7.56
6 96 10.12
113 143 6.03
178 47 7.12
10 55 13.23
23 159 14.28
76 93 10.45
28 24 6.12
91 41 10.45
178 53 9.83
12 90 13.89
193 28 9.09
47 72 9.89
73 93 12.43
179 139 12.25
9 66 7.09
165 63 11.63
68 123 6.2
176 63 11.9
43 79 6.17
10 96 12.8
116 92 9.22
70 31 7.12
61 39 6.99
137 18 14.06
106 173 8.77
65 12 12.56
15 3 10.89
29 90 14.67
104 51 11.88
79 75 8.78
34 192 12.71
71 196 5.15
31 82 11.91
34 93 7.68
183 37 12.64
169 42 8.27
96 32 14.78
10 34 5.42
10 86 12.34
198 68 8.27
134 126 5.61
108 128 8.98
45 51 11.23
30 81 14.56
63 159 8.71
170 112 5.13
19 23 10.57
50 14 9.09
99 140 11.07
126 189 6.22
32 1 8.45
152 175 13.32
177 183 11.83
30 64 10.89
11 54 13.22
13 5 8.39
59 139 9.69
89 87 6.45
14 158 10.07
185 51 10.26
56 115 12.59
37 80 6.23
61 56 13.12
32 40 13.23
13 27 14.89
4 85 13.56
19 95 12.45
136 14 14.98
50 72 11.78
11 55 8.34
168 44 8.35
166 147 6.45
27 79 6.7
62 53 9.67
53 112 7.8
100 50 12.31
15 3 10.23
12 113 10.24
199 17 10.68
71 19 13.82
116 161 6.24
182 83 11.48
51 82 6.94
83 112 11.45
138 8 14.74
78 74 12.23
174 104 7.85
176 6 10.69
168 53 8.14
0 127 7.69
28 34 13.56
100 51 12.86
57 129 5.93
27 73 10.23
125 93 7.43
70 69 12.14
157 124 9.22
147 102 8.6
177 168 14.63
37 131 14.42
99 151 9.77
87 92 13.55
188 18 10.05
112 120 14.24
85 67 7.05
144 167 11.22
26 46 11.11
21 61 7.45
125 73 9.16
174 138 14.6
10 180 11.36
181 104 10.41
5 20 9.77
9 157 9.46
184 12 6.85
101 112 9.76
28 19 12.67
63 16 14.45
135 30 10.34
12 133 9.56
16 155 7.91
19 62 6.45
78 22 14.78
152 76 10.28
74 161 10.76
22 36 8.12
46 188 5.13
32 35 12.34
7 42 12.14
6 44 7.19
149 158 10.27
108 15 13.78
37 102 9.43
8 88 7.23
104 152 5.23
115 190 12.34
188 11 8.23
191 89 9.41
127 51 13.29
71 176 12.19
87 57 11.45
198 190 13.26
92 81 6.34
78 174 12.31
9 73 12.07
21 49 7.34
50 145 5.74
130 170 12.24
176 177 6.71
49 69 9.31
37 105 7.85
137 38 12.3
168 59 11.15
142 86 11.22
99 91 8.15
19 5 13.56
76 7 9.56
86 16 9.67
147 81 13.07
99 63 11.34
198 82 14.11
59 38 9.34
13 57 14.23
98 51 9.89
146 159 14.19
88 165 12.79
71 185 6.93
121 58 7.55
44 198 9.67
106 140 14.94
43 35 14.23
44 127 13.55
52 186 5.31
112 179 13.73
169 101 11.3
58 81 10.22
97 17 11.89
44 58 9.56
9 60 14.56
60 78 8.67
24 87 9.27
63 114 10.28
123 36 6.08
38 92 14.56
79 129 8.89
132 89 10.61
199 83 6.45
47 5 6.67
99 188 11.3
80 23 13.67
51 20 14.34
2 52 13.45
48 27 11.34
144 79 10.06
35 185 7.44
98 138 14.82
93 97 10.87
105 51 14.43
131 0 13.33
66 44 13.64
72 45 11.0
103 183 10.38
82 170 12.84
75 157 6.93
47 52 8.7
33 89 9.11
148 155 9.26
176 115 10.94
19 140 9.57
118 78 6.64
11 64 11.51
187 179 6.67
86 11 5.58
51 199 8.68
131 10 14.63
188 190 8.22
172 131 14.38
56 72 10.72
94 64 9.22
198 194 10.01
34 62 12.34
170 167 6.25
188 27 6.74
185 95 12.9
135 97 11.95
148 181 12.76
27 136 13.34
7 8 12.34
40 20 14.23
66 90 8.23
67 71 7.56
90 152 9.05
83 72 8.56
134 23 6.17
105 93 10.96
47 39 12.34
196 151 5.67
86 199 11.54
117 169 14.76
14 86 13.75
3 94 10.12
65 16 6.77
6 68 12.78
52 35 10.13
162 82 10.81
180 113 9.37
72 15 14.67
116 125 13.19
60 25 13.99
126 142 10.89
138 80 7.17
62 0 6.89
144 47 6.59
50 42 9.45
12 124 11.42
16 70 10.82
88 36 7.89
74 133 12.57
108 112 10.51
141 192 13.2
91 71 6.34
19 27 6.7
90 177 9.65
178 183 5.72
78 33 9.03
60 46 7.56
4 67 13.45
2 198 11.26
94 144 12.17
7 143 7.42
128 103 13.57
169 82 7.82
70 66 10.62
110 64 14.39
168 33 6.02
162 95 5.72
108 134 5.63
65 17 8.12
12 150 8.58
71 15 13.78
54 159 14.32
185 153 11.63
132 34 9.38
117 88 8.43
48 11 14.56
174 100 5.65
84 43 5.79
110 128 13.81
73 20 11.56
16 33 14.78
47 37 10.67
53 26 10.01
189 57 12.66
164 134 9.07
13 47 6.89
43 64 13.45
109 35 8.42
119 5 13.57
177 10 12.87
119 115 13.82
111 150 14.42
12 68 13.23
9 83 8.18
13 53 5.93
58 25 10.45
151 80 7.11
131 183 9.05
10 154 14.72
18 9 9.06
187 76 9.03
7 136 8.18
32 187 14.8
23 1 6.45
85 71 7.34
197 135 5.88
198 180 7.02
56 2 7.89
28 117 10.74
185 106 10.92
27 81 7.56
75 36 8.06
190 16 14.97
84 25 12.78
70 80 5.47
120 176 12.63
68 86 12.45
73 60 7.89
67 54 5.29
17 174 12.19
42 13 12.78
83 14 12.12
84 45 8.45
181 6 14.51
122 199 9.64
77 41 9.23
112 134 10.33
4 52 8.77
22 55 10.29
69 55 11.45
195 161 10.58
5 126 5.92
76 99 10.45
107 35 8.78
47 5 7.94
198 1 12.0
1 172 14.43
131 152 11.71
35 88 7.67
159 99 5.76
45 129 6.71
42 82 7.89
181 50 9.57
71 75 13.24
85 33 5.07
194 5 11.6
152 164 13.95
167 110 6.34
192 193 11.21
6 66 13.05
75 78 7.92
180 31 9.3
39 105 6.5
103 172 10.66
86 45 9.56
105 89 11.71
59 58 7.67
59 3 6.23
84 182 6.75
52 69 7.89
87 11 11.67
21 123 14.48
9 29 5.89
177 142 6.61
163 25 11.06
132 92 10.2
141 63 9.43
83 168 6.77
43 68 9.23
5 118 9.83
167 53 5.25
11 23 9.23
95 19 9.89
164 192 12.81
26 37 9.45
50 75 6.12
91 53 13.99
46 48 11.45
196 171 5.18
116 198 5.73
91 28 10.45
16 188 5.86
86 180 11.75
17 9 8.67
97 122 10.79
94 0 14.23
110 22 8.95
124 135 5.03
84 94 8.45
35 76 12.56
89 75 7.09
185 79 10.26
69 29 14.96
85 162 5.23
85 171 14.31
34 11 13.25
78 88 8.34
188 28 9.2
135 72 8.92
74 48 11.57
56 77 10.69
177 59 11.94
27 147 14.27
30 43 10.89
128 186 12.43
58 101 7.81
136 179 12.41
178 20 7.95
143 8 9.62
2 17 8.11
37 66 14.82
51 86 8.56
118 193 12.72
64 85 8.41
195 55 7.89
58 104 6.41
116 47 5.88
37 94 7.56
15 2 10.65
194 133 10.91
27 199 7.94
39 74 12.89
170 17 10.34
166 113 14.9
50 111 8.32
63 39 13.07
181 163 5.27
21 51 11.64
4 126 8.99
53 164 9.5
163 49 6.87
74 72 9.67
193 109 8.14
129 175 6.88
127 5 7.45
20 184 8.28
45 60 11.89
62 90 11.89
136 103 7.82
90 101 14.59
135 64 11.31
157 160 6.12
2 122 13.87
142 147 11.61
11 96 6.93
36 12 7.89
96 81 8.67
90 153 8.56
39 90 11.12
57 169 6.59
68 103 13.06
160 34 9.07
17 80 12.32
23 94 11.82
178 166 10.98
74 56 9.12
37 181 9.98
96 65 11.56
127 35 5.56
138 66 5.48
71 142 14.93
61 89 10.78
74 193 14.37
40 2 13.04
129 135 10.05
45 173 6.78
41 22 6.47
90 95 8.56
2 34 11.56
67 13 13.35
145 171 12.38
187 148 14.56
132 126 5.55
140 86 7.82
81 57 8.34
15 38 8.45
77 18 10.23
49 99 10.89
7 104 13.34
54 89 9.23
130 163 11.21
142 175 9.72
163 66 13.99
115 85 10.39
52 36 10.23
7 43 6.78
83 82 6.78
59 93 11.23
43 162 14.27
22 11 14.78
110 76 9.53
138 31 10.14
79 24 8.58
161 105 7.34
85 38 10.78
95 53 6.45
145 148 5.29
37 17 11.21
79 2 13.89
151 92 14.11
14 4 10.45
119 137 10.16
32 152 9.34
45 54 5.17
188 38 6.18
124 0 8.37
5 125 10.74
65 64 7.34
52 61 5.46
27 116 11.68
99 187 9.95
140 149 6.33
50 94 13.91
77 8 12.67
163 64 7.03
3 128 8.19
11 40 11.81
85 63 8.12
139 143 9.3
114 62 11.87
16 14 12.31
22 56 11.47
40 65 10.78
56 41 12.45
30 107 9.29
97 84 5.54
47 54 8.8
24 66 14.89
96 41 10.33
35 149 5.16
86 80 6.23
7 107 12.65
44 144 5.98
24 97 10.89
40 98 6.56
156 45 5.36
93 151 6.13
108 29 13.43
105 99 8.54
132 99 14.18
79 48 8.23
130 79 6.0
119 80 14.95
86 124 5.71
174 65 5.03
139 189 11.5
33 49 7.34
93 46 13.78
29 10 6.23
97 91 13.34
32 168 5.24
101 20 9.07
171 125 8.45
23 71 12.23
146 59 5.53
51 4 8.71
11 75 14.45
82 173 10.13
63 136 13.0
48 174 6.98
68 151 14.08
99 96 8.67
106 29 7.23
62 66 13.91
130 145 14.12
102 162 10.26
85 86 14.08
104 69 7.94
7 91 13.78
158 39 6.55
170 15 7.37
85 5 11.23
119 171 14.14
99 137 11.14
156 112 9.91
193 1 6.44
0 198 6.72
155 149 6.23
8 25 14.12
59 107 5.55
8 58 11.45
7 54 9.7
189 167 12.42
104 12 13.91
108 148 11.65
84 101 9.2
5 136 9.03
80 21 7.58
74 29 14.12
136 55 14.31
120 154 13.3
91 160 10.73
167 179 11.12
116 4 11.3
23 82 11.68
191 24 8.95
167 165 11.68
184 193 10.45
26 2 8.23
85 3 11.37
174 35 11.3
25 18 10.34
148 101 5.28
162 88 11.75
114 139 10.79
59 37 12.67
32 177 8.2
26 60 11.46
74 51 6.29
16 53 12.23
108 115 5.53
92 93 8.89
87 90 8.12
99 28 14.56
45 169 9.09
168 9 5.23
14 140 6.28
93 25 14.34
76 2 12.91
70 172 9.05
171 157 12.31
64 174 7.59
188 159 9.95
148 131 13.61
15 45 14.89
196 121 6.72
57 28 12.89
169 114 7.72
87 128 11.69
90 33 6.45
122 52 6.28
80 3 13.71
6 30 13.45
55 63 13.56
147 47 13.17
195 56 10.19
138 140 5.27
87 54 8.89
92 58 13.89
18 80 12.45
191 187 6.64
37 158 14.37
77 119 12.0
70 67 9.51
83 49 9.34
165 47 14.42
130 127 13.07
82 75 5.19
128 12 9.01
81 117 11.0
37 4 13.89
131 32 9.54
180 66 12.43
61 69 11.76
15 187 11.76
32 17 14.45
48 98 7.79
150 91 10.62
35 114 9.11
98 13 14.32
22 98 12.45
159 61 7.39
89 12 11.42
159 164 13.09
68 155 6.96
126 94 7.36
63 81 11.56
198 65 10.48
88 112 12.94
198 143 13.63
21 156 13.7
20 3 10.93
9 81 10.45
63 52 11.23
182 53 10.16
112 47 13.55
176 18 9.97
43 161 6.62
17 130 9.47
19 29 12.92
90 24 14.45
35 169 11.19
175 29 9.35
103 65 13.85
90 140 9.03
162 0 14.75
118 151 8.76
79 178 13.53
185 87 10.0
1 46 11.06
64 139 14.05